0 0.217969 0.219444 0.017188 0.033333
0 0.194141 0.319444 0.027344 0.025000
0 0.308594 0.250694 0.028125 0.034722
0 0.273438 0.338194 0.026563 0.031944
0 0.151562 0.394444 0.028125 0.030556
0 0.200000 0.492361 0.017188 0.031944
0 0.303125 0.451389 0.014062 0.022222
0 0.320703 0.552778 0.025781 0.025000
0 0.392969 0.538889 0.015625 0.022222
0 0.389844 0.315278 0.018750 0.027778
0 0.411719 0.629861 0.014062 0.020833
0 0.429688 0.200694 0.012500 0.034722
0 0.441406 0.345833 0.014062 0.030556
0 0.474609 0.270139 0.011719 0.040278
0 0.478516 0.460417 0.019531 0.031944
0 0.478125 0.530556 0.018750 0.027778
0 0.530859 0.359028 0.016406 0.034722
0 0.570703 0.284028 0.021094 0.029167
0 0.579297 0.208333 0.017969 0.036111
0 0.512891 0.209722 0.019531 0.033333
0 0.564844 0.128472 0.014062 0.031944
0 0.622266 0.415278 0.021094 0.027778
0 0.566797 0.490972 0.011719 0.034722
0 0.592188 0.666667 0.018750 0.025000
0 0.676953 0.323611 0.021094 0.038889
0 0.685547 0.245833 0.024219 0.030556
0 0.696484 0.169444 0.013281 0.030556
0 0.774609 0.160417 0.021094 0.040278
0 0.724609 0.286806 0.014844 0.031944
0 0.801953 0.261806 0.027344 0.037500
0 0.719922 0.403472 0.028906 0.026389
0 0.824219 0.395139 0.025000 0.023611
0 0.753516 0.460417 0.027344 0.020833
0 0.711719 0.594444 0.023438 0.027778
0 0.767187 0.584722 0.017188 0.030556
0 0.823047 0.540278 0.022656 0.022222
0 0.812500 0.631250 0.026563 0.026389
