1 0.2705175865027166 0.6416876574307305 0.020589076351158135 0.05079764903442485
1 0.13869030597655133 0.24937027707808565 0.035458964826994566 0.023509655751469353
1 0.14755504718329998 0.3482367758186398 0.032027452101801544 0.019731318219983206
1 0.23434372319130684 0.3790931989924433 0.037460680583357164 0.020151133501259445
1 0.8324277952530741 0.7518891687657431 0.03317128967686588 0.02434928631402183
1 0.9242207606519874 0.8381612090680101 0.02573634543894767 0.04324097397145256
1 0.44781241063768945 0.6599496221662469 0.030311695739205034 0.038623005877413935
1 0.5180154418072633 0.4334592779177162 0.0328853302830998 0.0272879932829555
1 0.6955962253360023 0.24769101595298068 0.031169573920503287 0.038623005877413935
1 0.6933085501858736 0.37489504617968095 0.0328853302830998 0.022670025188916875
1 0.7629396625679153 0.1481947942905122 0.02573634543894767 0.04785894206549118
1 0.8228481555619102 0.5753568429890848 0.028881898770374607 0.0382031905961377
1 0.8415784958535888 0.34802686817800166 0.03831855876465542 0.03442485306465155
1 0.8979124964255075 0.13727959697732997 0.032027452101801544 0.02686817800167926
2 0.2630826422647984 0.8136020151133502 0.04117815270231627 0.04869857262804366
2 0.3244209322276237 0.6824097397145256 0.03803259937088933 0.061712846347607056
2 0.05862167572204747 0.13727959697732997 0.035458964826994566 0.07556675062972293
2 0.33700314555333144 0.08879093198992444 0.03517300543322848 0.0600335852225021
2 0.1970260223048327 0.3986146095717884 0.02688018301401201 0.07346767422334173
2 0.9541035173005433 0.9082703610411419 0.05004289390906491 0.04324097397145256
2 0.8794681155275951 0.8803526448362721 0.048899056334000573 0.03946263643996641
2 0.8414355161567058 0.7086481947942905 0.023162710895052903 0.04785894206549118
2 0.5363168430082929 0.7363560033585222 0.04947097512153274 0.02938706968933669
2 0.5463254217901058 0.8816120906801007 0.04775521875893623 0.0436607892527288
2 0.49256505576208176 0.6469353484466834 0.036888761795824995 0.05793450881612091
2 0.506434086359737 0.3417296389588581 0.04918501572776666 0.03946263643996641
2 0.5062911066628539 0.20277078085642317 0.04032027452101802 0.054575986565911
2 0.6019445238776093 0.26595298068849704 0.05261652845295968 0.044920235096557515
2 0.7344867028881898 0.5319059613769941 0.036888761795824995 0.06213266162888329
2 0.6231055190162997 0.5558354324097398 0.042321990277380615 0.05709487825356843
2 0.7962539319416643 0.4334592779177162 0.042036030883614524 0.05163727959697733
0 0.2396339719759794 0.7036104114189756 0.020589076351158135 0.02518891687657431
0 0.25650557620817843 0.7225020990764064 0.021732913926222477 0.031066330814441646
0 0.1564197883900486 0.22208228379513015 0.017729482413497283 0.02938706968933669
0 0.17543608807549327 0.25293870696893367 0.02087503574492422 0.02644836272040302
0 0.3520160137260509 0.1463056255247691 0.021160995138690308 0.0272879932829555
0 0.1569917071775808 0.4662048698572628 0.024020589076351156 0.021410579345088162
0 0.7993994852730912 0.7583963056255247 0.021446954532456392 0.02644836272040302
0 0.9073491564197884 0.7136859781696053 0.024020589076351156 0.030226700251889168
0 0.5454675436088076 0.7714105793450882 0.01687160423219903 0.02644836272040302
0 0.6434086359736917 0.5025188916876574 0.017729482413497283 0.031066330814441646
0 0.6617100371747212 0.3316540722082284 0.02287675150128682 0.027707808564231738
0 0.7670860737775236 0.22732997481108314 0.01858736059479554 0.02476910159529807
0 0.8298541607091793 0.47523089840470195 0.018301401201029455 0.031066330814441646
0 0.8244209322276237 0.23719563392107473 0.019445238776093794 0.027707808564231738
0 0.9353731770088647 0.3788832913518052 0.019445238776093794 0.025608732157850547