0 0.13397197597941093 0.14000839630562553 0.02087503574492422 0.028127623845507977
0 0.1449814126394052 0.22418136020151133 0.019445238776093794 0.031066330814441646
0 0.21461252502144695 0.25482787573467675 0.0174435230197312 0.030226700251889168
0 0.29067772376322565 0.23740554156171284 0.01687160423219903 0.02980688497061293
0 0.38547326279668287 0.11376994122586062 0.018301401201029455 0.03442485306465155
0 0.2466399771232485 0.37363560033585225 0.01687160423219903 0.028547439126784216
0 0.5074349442379182 0.2138958858102435 0.014583929082070346 0.02980688497061293
0 0.6212467829568201 0.260495382031906 0.018015441807263367 0.031486146095717885
0 0.513440091507006 0.33921074727120065 0.018015441807263367 0.02686817800167926
0 0.5124392336288247 0.44080604534005036 0.01658564483843294 0.028547439126784216
0 0.4479553903345725 0.6280436607892528 0.016299685444666857 0.02434928631402183
0 0.5461824420932228 0.5906801007556675 0.01658564483843294 0.02686817800167926
0 0.5517586502716614 0.7600755667506297 0.01858736059479554 0.02476910159529807
0 0.6216757220474692 0.9091099916036943 0.018873319988561624 0.025608732157850547
0 0.6379754074921361 0.5516372795969773 0.018301401201029455 0.027707808564231738
0 0.6812982556476981 0.41225860621326615 0.0174435230197312 0.02938706968933669
0 0.7031741492708036 0.4007136859781696 0.018873319988561624 0.028127623845507977
0 0.7117529310837861 0.36838790931989923 0.019445238776093794 0.028127623845507977
0 0.6655704889905634 0.33144416456759024 0.021446954532456392 0.028967254408060455
0 0.7087503574492422 0.25377833753148615 0.01973119816985988 0.02980688497061293
0 0.7732342007434945 0.1616288832913518 0.020017157563625966 0.031066330814441646
0 0.8308550185873605 0.3534844668345928 0.01858736059479554 0.030226700251889168
0 0.7828138404346583 0.43849706129303107 0.02030311695739205 0.02644836272040302
0 0.8168430082928224 0.4794290512174643 0.02087503574492422 0.026028547439126783
0 0.9458106948813269 0.8870696893366918 0.02201887331998856 0.02518891687657431
0 0.8718901915927938 0.8688077246011755 0.022304832713754646 0.02476910159529807
0 0.8513011152416357 0.9072208228379512 0.018873319988561624 0.027707808564231738
0 0.8647412067486417 0.9072208228379512 0.021732913926222477 0.0218303946263644
1 0.33900486130969404 0.1200671704450042 0.016299685444666857 0.031066330814441646
1 0.15327423505862167 0.36628883291351805 0.021160995138690308 0.02980688497061293
1 0.4207892479267944 0.33879093198992444 0.016299685444666857 0.02938706968933669
1 0.5832141835859308 0.24685138539042822 0.01973119816985988 0.033585222502099076
1 0.5887903917643694 0.3060453400503778 0.018873319988561624 0.03442485306465155
1 0.6346868744638261 0.8910579345088161 0.02030311695739205 0.02644836272040302
1 0.624106376894481 0.5342149454240135 0.01973119816985988 0.028967254408060455
1 0.6800114383757506 0.3583123425692695 0.020017157563625966 0.030646515533165407
1 0.7227623677437803 0.3058354324097397 0.01858736059479554 0.02980688497061293
1 0.751787246211038 0.23656591099916036 0.020017157563625966 0.03232577665827036
1 0.895910780669145 0.1429471032745592 0.02630826422647984 0.036523929471032744
1 0.8142693737489276 0.25608732157850544 0.01973119816985988 0.028547439126784216
1 0.8332856734343723 0.24370277078085642 0.020017157563625966 0.030646515533165407
1 0.9382327709465256 0.33753148614609574 0.022304832713754646 0.027707808564231738
1 0.7394909922790963 0.5524769101595298 0.018873319988561624 0.02518891687657431
1 0.8134114955676294 0.7468513853904282 0.02087503574492422 0.0218303946263644
1 0.9202173291392622 0.8303946263643996 0.021732913926222477 0.0218303946263644
2 0.17843866171003717 0.31024349286314024 0.020017157563625966 0.0327455919395466
2 0.16657134686874464 0.33900083963056254 0.021446954532456392 0.031486146095717885
2 0.4551043751787246 0.45004198152812763 0.01687160423219903 0.031066330814441646
2 0.4755504718329997 0.6219563392107472 0.019445238776093794 0.028127623845507977
2 0.5817843866171004 0.665407220822838 0.01973119816985988 0.026028547439126783
2 0.5986559908492994 0.6920654911838791 0.01858736059479554 0.025608732157850547
2 0.5427509293680297 0.837951301427372 0.018301401201029455 0.02434928631402183
2 0.751644266514155 0.13623005877413938 0.023734629682585072 0.03736356003358522
2 0.8299971404060623 0.12720403022670027 0.024306548470117244 0.037783375314861464
2 0.9365170145839291 0.3807724601175483 0.02573634543894767 0.030226700251889168
2 0.7708035458964827 0.4095298068849706 0.025450386045181583 0.03316540722082284
2 0.8192736631398342 0.5761964735516373 0.025164426651415498 0.0272879932829555
2 0.9533886188161281 0.8587321578505458 0.025164426651415498 0.025608732157850547