0 0.18510584677419356 0.22160618279569894 0.011844758064516129 0.017137096774193547
0 0.2878024193548387 0.2824260752688172 0.012600806451612902 0.019153225806451613
0 0.33618951612903225 0.28881048387096775 0.01663306451612903 0.017809139784946238
0 0.3342993951612903 0.553763440860215 0.013356854838709678 0.01478494623655914
0 0.3348034274193548 0.6068548387096774 0.013356854838709678 0.01747311827956989
0 0.5275957661290323 0.5613239247311828 0.016381048387096774 0.01310483870967742
0 0.45463709677419356 0.2553763440860215 0.011088709677419355 0.01747311827956989
0 0.5148689516129032 0.33988575268817206 0.014616935483870967 0.015120967741935484
0 0.5286038306451613 0.3528225806451613 0.015877016129032258 0.016801075268817203
0 0.5956401209677419 0.448252688172043 0.011844758064516129 0.020161290322580645
0 0.6183215725806451 0.49008736559139787 0.012348790322580645 0.019153225806451613
0 0.6353326612903226 0.5357862903225806 0.015120967741935484 0.01310483870967742
0 0.670866935483871 0.42221102150537637 0.017137096774193547 0.013776881720430107
0 0.680695564516129 0.32174059139784944 0.008568548387096774 0.015120967741935484
0 0.6600302419354839 0.27923387096774194 0.010080645161290322 0.016129032258064516
0 0.6558719758064516 0.25285618279569894 0.010836693548387098 0.024529569892473117
0 0.6827116935483871 0.2967069892473118 0.012096774193548387 0.019489247311827957
0 0.7040070564516129 0.3024193548387097 0.01839717741935484 0.021505376344086023
0 0.7517641129032258 0.25991263440860213 0.01965725806451613 0.01646505376344086
0 0.7905745967741935 0.28696236559139787 0.021673387096774195 0.016129032258064516
0 0.7981350806451613 0.3072916666666667 0.019153225806451613 0.023185483870967742
0 0.7179939516129032 0.45346102150537637 0.01965725806451613 0.019153225806451613
0 0.7631048387096774 0.46841397849462363 0.020161290322580645 0.012096774193548387
0 0.7676411290322581 0.5011760752688172 0.010584677419354838 0.017137096774193547
0 0.7615927419354839 0.6038306451612904 0.021673387096774195 0.012096774193548387
0 0.788054435483871 0.605510752688172 0.021169354838709676 0.015456989247311828
0 0.8094758064516129 0.7368951612903226 0.017137096774193547 0.02217741935483871
0 0.8970514112903226 0.719758064516129 0.015877016129032258 0.020833333333333332
1 0.2571824596774194 0.21959005376344087 0.022933467741935484 0.026545698924731184
1 0.24546370967741934 0.3375336021505376 0.021673387096774195 0.02788978494623656
1 0.2874243951612903 0.5220094086021505 0.025453629032258066 0.021841397849462367
1 0.3666834677419355 0.5727486559139785 0.023185483870967742 0.022513440860215055
1 0.4920614919354839 0.4969758064516129 0.01688508064516129 0.026881720430107527
1 0.5895917338709677 0.6374327956989247 0.02242943548387097 0.030913978494623656
1 0.4987399193548387 0.3958333333333333 0.022681451612903226 0.020161290322580645
1 0.5407006048387096 0.3839045698924731 0.015877016129032258 0.03125
1 0.5696824596774194 0.3274529569892473 0.016381048387096774 0.030577956989247312
1 0.44783266129032256 0.337869623655914 0.019153225806451613 0.023185483870967742
1 0.5346522177419355 0.23067876344086022 0.0234375 0.022513440860215055
1 0.5824092741935484 0.26394489247311825 0.014112903225806451 0.03125
1 0.6966985887096774 0.4680779569892473 0.018901209677419355 0.028225806451612902
1 0.7053931451612904 0.5072244623655914 0.018145161290322582 0.02788978494623656
1 0.7089213709677419 0.3553427419354839 0.023185483870967742 0.029905913978494625
1 0.6857358870967742 0.1928763440860215 0.023689516129032258 0.03293010752688172
1 0.7221522177419355 0.1898521505376344 0.020917338709677418 0.033602150537634407
1 0.8000252016129032 0.2140456989247312 0.018901209677419355 0.03293010752688172
1 0.7639868951612904 0.3293010752688172 0.019909274193548387 0.02956989247311828
1 0.7424395161290323 0.35971102150537637 0.023689516129032258 0.028561827956989246
1 0.7329889112903226 0.4000336021505376 0.023941532258064516 0.02788978494623656
1 0.8509324596774194 0.5793010752688172 0.017389112903225805 0.030913978494623656
1 0.8800403225806451 0.6018145161290323 0.028225806451612902 0.01747311827956989
1 0.8016633064516129 0.7022849462365591 0.028225806451612902 0.0228494623655914
1 0.8227066532258065 0.6876680107526881 0.01940524193548387 0.03326612903225806
1 0.8926411290322581 0.6722110215053764 0.029233870967741934 0.015120967741935484
1 0.8563508064516129 0.710013440860215 0.021673387096774195 0.034274193548387094
1 0.8336693548387096 0.7348790322580645 0.018145161290322582 0.035618279569892476
2 0.23954133064516128 0.2699932795698925 0.03805443548387097 0.025201612903225805
2 0.28755040322580644 0.21488575268817203 0.029233870967741934 0.042674731182795696
2 0.40549395161290325 0.19405241935483872 0.02721774193548387 0.03192204301075269
2 0.2935987903225806 0.36743951612903225 0.039818548387096774 0.02385752688172043
2 0.2447076612903226 0.3785282258064516 0.01663306451612903 0.050067204301075266
2 0.30153729838709675 0.4947916666666667 0.036038306451612906 0.03595430107526882
2 0.35546875 0.6164314516129032 0.0234375 0.047379032258064516
2 0.32447076612903225 0.6596102150537635 0.021925403225806453 0.05309139784946237
2 0.48588709677419356 0.5336021505376344 0.03326612903225806 0.038306451612903226
2 0.5370463709677419 0.5065524193548387 0.03326612903225806 0.037298387096774195
2 0.5511592741935484 0.6013104838709677 0.018649193548387098 0.05342741935483871
2 0.5893397177419355 0.5542674731182796 0.036038306451612906 0.03192204301075269
2 0.5652721774193549 0.7244623655913979 0.03024193548387097 0.043682795698924734
2 0.4537550403225806 0.42876344086021506 0.023941532258064516 0.038306451612903226
2 0.4671118951612903 0.39096102150537637 0.030997983870967742 0.03192204301075269
2 0.5201612903225806 0.3899529569892473 0.021169354838709676 0.04133064516129032
2 0.44556451612903225 0.3190524193548387 0.034274193548387094 0.02788978494623656
2 0.5073084677419355 0.2552083333333333 0.03528225806451613 0.028561827956989246
2 0.5994203629032258 0.24714381720430106 0.026461693548387098 0.04133064516129032
2 0.5858114919354839 0.2960349462365591 0.03654233870967742 0.02620967741935484
2 0.6203377016129032 0.4175067204301075 0.024949596774193547 0.0480510752688172
2 0.6546118951612904 0.3696236559139785 0.036038306451612906 0.02620967741935484
2 0.7782258064516129 0.4465725806451613 0.031754032258064516 0.0456989247311828
2 0.7740675403225806 0.3948252688172043 0.02444556451612903 0.049059139784946235
2 0.7884324596774194 0.32560483870967744 0.03150201612903226 0.03293010752688172
2 0.7114415322580645 0.24647177419354838 0.024193548387096774 0.0480510752688172
2 0.8029233870967742 0.5739247311827957 0.03931451612903226 0.030913978494623656
2 0.8651713709677419 0.6730510752688172 0.026713709677419355 0.05309139784946237