2 0.047326279668287105 0.14042821158690177 0.024306548470117244 0.03736356003358522
2 0.07220474692593652 0.1570109151973132 0.023162710895052903 0.03610411418975651
2 0.32971118101229624 0.6677162048698573 0.018873319988561624 0.028127623845507977
2 0.4552473548756077 0.6486146095717884 0.018873319988561624 0.02938706968933669
2 0.5616242493565914 0.6771620486985727 0.018873319988561624 0.02686817800167926
2 0.5916499857020303 0.6733837111670865 0.018873319988561624 0.026028547439126783
2 0.6381183871890191 0.8881192275398825 0.02259079210752073 0.025608732157850547
2 0.9014869888475836 0.12489504617968095 0.027738061195310266 0.04072208228379513
2 0.9292250500428939 0.14210747271200672 0.027166142407778097 0.03904282115869018
2 0.8129825564769803 0.3509655751469353 0.02573634543894767 0.0327455919395466
2 0.8158421504146411 0.45780856423173805 0.02688018301401201 0.030646515533165407
2 0.7359164998570203 0.5390428211586902 0.02201887331998856 0.02938706968933669
2 0.6378324277952531 0.5667506297229219 0.02259079210752073 0.02938706968933669
2 0.8716042321990277 0.875104953820319 0.029167858164140692 0.025608732157850547
0 0.03931941664283672 0.18324937027707808 0.021446954532456392 0.02980688497061293
0 0.15856448384329425 0.15785054575986565 0.01858736059479554 0.0327455919395466
0 0.17743780383185587 0.15764063811922754 0.01973119816985988 0.03316540722082284
0 0.3444380897912496 0.09949622166246852 0.016299685444666857 0.03526448362720403
0 0.36731484129253644 0.09844668345927791 0.016299685444666857 0.03316540722082284
0 0.29382327709465256 0.6521830394626364 0.01687160423219903 0.025608732157850547
0 0.5586216757220475 0.5952980688497062 0.018015441807263367 0.026028547439126783
0 0.6138118387189019 0.7273299748110831 0.01973119816985988 0.02392947103274559
0 0.5586216757220475 0.7768681780016793 0.01858736059479554 0.025608732157850547
0 0.547183299971404 0.8473971452560873 0.0174435230197312 0.02392947103274559
0 0.5626251072347727 0.875104953820319 0.0174435230197312 0.0272879932829555
0 0.5521875893623106 0.8979848866498741 0.018873319988561624 0.023509655751469353
0 0.4992851015155848 0.43702770780856426 0.017729482413497283 0.02518891687657431
0 0.49499571060909353 0.34109991603694373 0.017157563625965114 0.028967254408060455
0 0.6055190162996854 0.24832073887489506 0.01915927938232771 0.03400503778337532
0 0.6089505290248785 0.3125524769101595 0.01858736059479554 0.02980688497061293
0 0.701458392908207 0.24601175482787574 0.020017157563625966 0.03190596137699412
0 0.71146697169002 0.2892527287993283 0.019445238776093794 0.0327455919395466
0 0.7539319416642837 0.1332913518052057 0.01973119816985988 0.031486146095717885
0 0.8089791249642551 0.24874055415617127 0.020017157563625966 0.031486146095717885
0 0.8311409779811266 0.2577665827036104 0.021446954532456392 0.028547439126784216
0 0.7739490992279097 0.43933669185558355 0.02087503574492422 0.028967254408060455
0 0.6135258793251358 0.5392527287993283 0.02201887331998856 0.02644836272040302
0 0.9054904203603088 0.8312342569269522 0.023162710895052903 0.026028547439126783
1 0.06820131541321132 0.12048698572628044 0.023162710895052903 0.03190596137699412
1 0.16256791535601944 0.23446683459277917 0.02201887331998856 0.03484466834592779
1 0.2070346010866457 0.4091099916036944 0.018873319988561624 0.02980688497061293
1 0.23548756076637117 0.586272040302267 0.01858736059479554 0.028127623845507977
1 0.2656562768086932 0.6437867338371117 0.017157563625965114 0.025608732157850547
1 0.5217329139262225 0.5709487825356843 0.015155847869602517 0.02434928631402183
1 0.5328853302830998 0.7718303946263644 0.01915927938232771 0.02392947103274559
1 0.5290248784672577 0.44017632241813603 0.017157563625965114 0.025608732157850547
1 0.4959965684872748 0.23194794290512175 0.01973119816985988 0.0382031905961377
1 0.5175865027166142 0.19584382871536524 0.01658564483843294 0.03316540722082284
1 0.7500714898484415 0.3981947942905122 0.022304832713754646 0.031486146095717885
1 0.7161853016871604 0.5237195633921075 0.023734629682585072 0.028967254408060455
1 0.8162710895052903 0.5743073047858942 0.024306548470117244 0.028547439126784216
1 0.8315699170717759 0.7382451721242653 0.021732913926222477 0.021410579345088162