0 0.323162 0.357836 0.0568655 0.0471567
0 0.475035 0.424411 0.0457698 0.0416089
0 0.668516 0.418863 0.0416089 0.0395284
0 0.619279 0.568655 0.0485437 0.036061
0 0.447295 0.67337 0.0457698 0.0402219
2 0.528433 0.588072 0.0846047 0.102635
2 0.761442 0.110957 0.110264 0.0651872
2 0.352982 0.794036 0.117198 0.0436893
2 0.301664 0.54785 0.105409 0.090846
1 0.143551 0.252427 0.0610264 0.0707351
1 0.359917 0.595007 0.0700416 0.0533981
1 0.755201 0.255201 0.0644938 0.0617198
1 0.839112 0.172677 0.0728155 0.0499307
