1 0.31770088647412065 0.6798908480268682 0.020589076351158135 0.044920235096557515
1 0.4659708321418359 0.624895046179681 0.023734629682585072 0.02644836272040302
1 0.49742636545610525 0.6362300587741394 0.02030311695739205 0.03904282115869018
1 0.15155847869602515 0.3515952980688497 0.03259937088933371 0.02644836272040302
1 0.14912782384901344 0.25377833753148615 0.0328853302830998 0.025608732157850547
1 0.27266228195596226 0.2718303946263644 0.02087503574492422 0.04240134340890008
1 0.3467257649413783 0.09151973131821999 0.029453817557906777 0.03442485306465155
1 0.23162710895052901 0.42317380352644834 0.025164426651415498 0.03442485306465155
1 0.6015155847869602 0.6992023509655751 0.024306548470117244 0.03400503778337532
1 0.5614812696597083 0.5757766582703611 0.024306548470117244 0.03400503778337532
1 0.8673148412925364 0.8950461796809404 0.03717472118959108 0.023509655751469353
1 0.6883042607949671 0.38350125944584385 0.023448670288818987 0.03736356003358522
1 0.7573634543894767 0.15994962216624686 0.03231341149556763 0.02434928631402183
1 0.9358021160995139 0.3700671704450042 0.025450386045181583 0.04408060453400504
1 0.57048899056334 0.7489504617968094 0.030311695739205034 0.023509655751469353
1 0.5484701172433515 0.9057514693534845 0.021160995138690308 0.041561712846347604
2 0.26293966256791534 0.7980688497061293 0.052902487846725764 0.04030226700251889
2 0.2730912210466114 0.6500839630562553 0.04804117815270231 0.03904282115869018
2 0.5273091221046612 0.5923593618807724 0.04460966542750929 0.042821158690176324
2 0.06905919359450959 0.15239294710327456 0.04718329997140406 0.04450041981528128
2 0.17972547898198457 0.1572208228379513 0.05004289390906491 0.03400503778337532
2 0.21704317986845867 0.2686817800167926 0.046897340577637975 0.04114189756507137
2 0.1973119816985988 0.3981947942905122 0.021732913926222477 0.07178841309823678
2 0.22562196168144125 0.3713266162888329 0.046325421790105806 0.04240134340890008
2 0.9556762939662568 0.8809823677581864 0.04575350300257364 0.07010915197313182
2 0.8635973691735773 0.3240973971452561 0.032027452101801544 0.0764063811922754
2 0.7826708607377753 0.4355583543240974 0.03946239633971976 0.06675062972292191
2 0.8315699170717759 0.4636859781696054 0.03831855876465542 0.06087321578505458
2 0.701315413211324 0.29974811083123426 0.028881898770374607 0.07220822837951302
2 0.520160137260509 0.18198992443324938 0.05204460966542751 0.036523929471032744
2 0.5357449242207607 0.7583963056255247 0.040892193308550186 0.04659949622166247
2 0.5643408635973691 0.8667086481947943 0.04718329997140406 0.03736356003358522
0 0.3477266228195596 0.6706549118387909 0.023448670288818987 0.02476910159529807
0 0.25464684014869887 0.8532745591939547 0.02201887331998856 0.028967254408060455
0 0.4779811266800114 0.6538623005877414 0.01858736059479554 0.02392947103274559
0 0.6202459250786388 0.596767422334173 0.017729482413497283 0.02476910159529807
0 0.6259651129539605 0.5379932829554995 0.017729482413497283 0.025608732157850547
0 0.8784672576494138 0.8566330814441646 0.020589076351158135 0.028967254408060455
0 0.8274235058621676 0.7449622166246851 0.02087503574492422 0.025608732157850547
0 0.7000285959393766 0.2214525608732158 0.019445238776093794 0.025608732157850547
0 0.7392050328853302 0.2008816120906801 0.020017157563625966 0.028967254408060455
0 0.7668001143837575 0.22229219143576825 0.016299685444666857 0.02392947103274559
0 0.6870174435230197 0.4355583543240974 0.01973119816985988 0.025608732157850547
0 0.5799256505576208 0.2785474391267842 0.017729482413497283 0.02644836272040302
0 0.5713468687446382 0.32136859781696053 0.017729482413497283 0.0272879932829555
0 0.4944237918215613 0.3734256926952141 0.017157563625965114 0.02476910159529807
0 0.607091792965399 0.7407640638119227 0.016013726050900772 0.023089840470193114
0 0.5734915641978839 0.6089420654911839 0.014583929082070346 0.02644836272040302