0 0.0852982 0.170596 0.0395284 0.0381415
0 0.15534 0.18724 0.0423024 0.0416089
0 0.18516 0.10749 0.0443828 0.0436893
0 0.140777 0.278779 0.036061 0.0443828
0 0.242718 0.253814 0.037448 0.0423024
0 0.32871 0.130374 0.0402219 0.0416089
0 0.395284 0.128294 0.0443828 0.0429958
0 0.398058 0.246879 0.0423024 0.0450763
0 0.49792 0.303745 0.0423024 0.0436893
0 0.490291 0.364771 0.0423024 0.0395284
0 0.313454 0.375173 0.0464632 0.0402219
0 0.379334 0.404993 0.0423024 0.0429958
0 0.363384 0.548544 0.0409154 0.0423024
0 0.399445 0.592233 0.0423024 0.038835
0 0.37656 0.634535 0.0443828 0.0409154
