0 0.06705747783814699 0.1670864819479429 0.02030311695739205 0.028547439126784216
0 0.17329139262224763 0.1486146095717884 0.020589076351158135 0.031066330814441646
0 0.2016013726050901 0.2699412258606213 0.018301401201029455 0.02938706968933669
0 0.19588218472976837 0.40575146935348444 0.017157563625965114 0.0272879932829555
0 0.268515870746354 0.3396305625524769 0.017729482413497283 0.030226700251889168
0 0.26980268801830143 0.28253568429890846 0.018015441807263367 0.02938706968933669
0 0.3464398055476122 0.12510495382031905 0.0174435230197312 0.031066330814441646
0 0.36059479553903345 0.09319899244332494 0.016013726050900772 0.033585222502099076
0 0.33900486130969404 0.07619647355163728 0.0174435230197312 0.03316540722082284
0 0.3179868458678868 0.0948782535684299 0.018301401201029455 0.0327455919395466
0 0.16113811838718903 0.4731318219983207 0.018015441807263367 0.026028547439126783
0 0.21690020017157563 0.5940386230058774 0.018015441807263367 0.02434928631402183
0 0.2540749213611667 0.5575146935348446 0.015727766657134688 0.02434928631402183
0 0.3076923076923077 0.6471452560873215 0.015441807263368601 0.02476910159529807
0 0.24177866742922505 0.7036104114189756 0.015727766657134688 0.02434928631402183
0 0.2526451243923363 0.8020570948782536 0.01687160423219903 0.020570948782535684
0 0.4635401772948241 0.6437867338371117 0.01486988847583643 0.025608732157850547
0 0.5563340005719188 0.6009655751469354 0.01687160423219903 0.02476910159529807
0 0.5531884472404919 0.7548278757346767 0.015727766657134688 0.02518891687657431
0 0.5529024878467258 0.8986146095717884 0.01915927938232771 0.02644836272040302
0 0.6414069202173291 0.8774139378673383 0.018301401201029455 0.026028547439126783
0 0.43380040034315126 0.45717884130982367 0.016013726050900772 0.02434928631402183
0 0.5211609951386903 0.44710327455919396 0.015727766657134688 0.02686817800167926
0 0.4104947097512153 0.3140218303946264 0.0174435230197312 0.02686817800167926
0 0.5077209036316843 0.3394206549118388 0.015727766657134688 0.02980688497061293
0 0.4265084358021161 0.22858942065491183 0.01687160423219903 0.03316540722082284
0 0.41692879611095224 0.1910159529806885 0.017729482413497283 0.031066330814441646
0 0.7007434944237918 0.24958018471872376 0.01915927938232771 0.030646515533165407
0 0.71146697169002 0.29240134340890006 0.018873319988561624 0.030646515533165407
0 0.8924792679439519 0.10642317380352645 0.020017157563625966 0.03232577665827036
0 0.8178438661710037 0.3602015113350126 0.021732913926222477 0.02686817800167926
0 0.9380897912496425 0.37468513853904284 0.02087503574492422 0.028967254408060455
0 0.7729482413497284 0.4412258606213266 0.021160995138690308 0.030226700251889168
0 0.6874463826136689 0.3866498740554156 0.019445238776093794 0.02938706968933669
0 0.6188161281098085 0.5388329135180521 0.018301401201029455 0.02644836272040302
0 0.8194166428367172 0.5625524769101595 0.02030311695739205 0.02518891687657431
0 0.835430368887618 0.7571368597816961 0.01858736059479554 0.021410579345088162
0 0.869030597655133 0.8765743073047859 0.022304832713754646 0.023509655751469353
1 0.11967400629110667 0.15890008396305624 0.021446954532456392 0.03400503778337532
1 0.1519874177866743 0.22628043660789252 0.02087503574492422 0.033585222502099076
1 0.22261938804689735 0.260495382031906 0.01915927938232771 0.03232577665827036
1 0.13768944809837003 0.4420654911838791 0.021446954532456392 0.028547439126784216
1 0.22690877895338862 0.5698992443324937 0.014583929082070346 0.02392947103274559
1 0.5857878181298256 0.6916456759026028 0.01687160423219903 0.025608732157850547
1 0.44252216185301685 0.19458438287153654 0.018015441807263367 0.028967254408060455
1 0.5125822133257077 0.19584382871536524 0.015155847869602517 0.030646515533165407
1 0.8431512725193022 0.11670864819479429 0.023734629682585072 0.03610411418975651
1 0.9092078924792679 0.1452560873215785 0.023734629682585072 0.03610411418975651
1 0.9488132685158708 0.11733837111670865 0.022304832713754646 0.030646515533165407
1 0.8667429225050043 0.17821158690176322 0.021732913926222477 0.031486146095717885
1 0.7276236774378039 0.5226700251889169 0.02087503574492422 0.027707808564231738
1 0.9250786388332857 0.8505457598656591 0.024020589076351156 0.02686817800167926
2 0.2016013726050901 0.16078925272879932 0.020017157563625966 0.03610411418975651
2 0.1557048899056334 0.2850545759865659 0.02259079210752073 0.03442485306465155
2 0.14955676293966258 0.3620906801007557 0.021732913926222477 0.03400503778337532
2 0.25107234772662285 0.369647355163728 0.021160995138690308 0.03316540722082284
2 0.2888189877037461 0.2518891687657431 0.019445238776093794 0.03526448362720403
2 0.2409207892479268 0.5873215785054576 0.01858736059479554 0.027707808564231738
2 0.275092936802974 0.5761964735516373 0.017729482413497283 0.02476910159529807
2 0.5985130111524164 0.32262804366078923 0.018301401201029455 0.035684298908480266
2 0.7593651701458393 0.186607892527288 0.02259079210752073 0.03904282115869018
2 0.8205604804117815 0.2573467674223342 0.024878467257649414 0.03610411418975651
2 0.9167858164140692 0.7054995801847187 0.025164426651415498 0.02644836272040302