0 0.140083 0.257975 0.0492372 0.0471567
0 0.398058 0.227462 0.0499307 0.0513176
0 0.466713 0.427878 0.0443828 0.0485437
0 0.452843 0.651872 0.0416089 0.0450763
0 0.628987 0.542996 0.0423024 0.0499307
0 0.631761 0.448682 0.0436893 0.0485437
0 0.817614 0.188627 0.0423024 0.0513176
0 0.852288 0.135922 0.038835 0.0554785
0 0.799584 0.10749 0.0423024 0.054785
0 0.74896 0.138696 0.0443828 0.0540915
0 0.368239 0.763523 0.0436893 0.0429958
1 0.267684 0.244105 0.0520111 0.056172
1 0.346047 0.355756 0.0506241 0.0554785
1 0.517337 0.411928 0.0464632 0.0533981
1 0.311373 0.712205 0.0520111 0.0471567
2 0.466713 0.247573 0.0485437 0.0596394
2 0.355062 0.452843 0.054785 0.0568655
2 0.340499 0.57975 0.0527046 0.056172
2 0.586685 0.592233 0.0513176 0.054785
2 0.678225 0.398058 0.0471567 0.0582524
