0 0.291406 0.395833 0.014062 0.030556
0 0.297656 0.454861 0.018750 0.023611
0 0.342578 0.371528 0.014844 0.023611
0 0.401953 0.305556 0.016406 0.033333
0 0.404687 0.460417 0.014062 0.020833
0 0.408203 0.509028 0.014844 0.020833
0 0.307031 0.574306 0.018750 0.026389
0 0.341406 0.648611 0.012500 0.025000
0 0.402734 0.582639 0.011719 0.020833
0 0.410156 0.641667 0.015625 0.025000
0 0.437891 0.518750 0.011719 0.023611
0 0.467187 0.431944 0.015625 0.025000
0 0.423828 0.360417 0.017969 0.026389
0 0.460547 0.327083 0.016406 0.023611
0 0.509766 0.390278 0.014844 0.030556
0 0.493359 0.352778 0.013281 0.022222
0 0.522656 0.306944 0.010937 0.025000
0 0.551953 0.358333 0.017969 0.027778
0 0.536328 0.438194 0.013281 0.023611
0 0.529688 0.523611 0.015625 0.033333
0 0.536328 0.643750 0.017969 0.026389
0 0.579687 0.614583 0.018750 0.029167
0 0.623438 0.714583 0.015625 0.023611
0 0.642969 0.554861 0.014062 0.026389
0 0.596094 0.386806 0.020312 0.026389
0 0.618750 0.336111 0.017188 0.027778
0 0.675781 0.254861 0.014062 0.029167
0 0.663672 0.375694 0.011719 0.034722
0 0.669141 0.452778 0.016406 0.027778
0 0.698828 0.436806 0.016406 0.026389
0 0.707812 0.391667 0.015625 0.022222
0 0.708203 0.314583 0.011719 0.043056
0 0.726563 0.355556 0.017188 0.027778
0 0.768359 0.321528 0.014844 0.029167
0 0.755078 0.411806 0.011719 0.034722
0 0.708594 0.531944 0.020312 0.030556
0 0.798437 0.541667 0.021875 0.022222
0 0.756641 0.640278 0.011719 0.022222
0 0.819531 0.679861 0.026563 0.023611
