2 0.05947955390334572 0.15092359361880772 0.02573634543894767 0.03736356003358522
2 0.19388046897340577 0.15218303946263645 0.020589076351158135 0.035684298908480266
2 0.16900200171575636 0.33711167086481947 0.021732913926222477 0.03190596137699412
2 0.2436374034887046 0.36523929471032746 0.020589076351158135 0.0327455919395466
2 0.23062625107234772 0.5963476070528967 0.02087503574492422 0.02644836272040302
2 0.3131255361738633 0.6586901763224181 0.017157563625965114 0.02686817800167926
2 0.26579925650557623 0.8266162888329135 0.02087503574492422 0.02518891687657431
2 0.5404632542179011 0.8734256926952141 0.017157563625965114 0.025608732157850547
2 0.6863025450386046 0.4078505457598657 0.018873319988561624 0.03232577665827036
2 0.929653989133543 0.30856423173803527 0.02630826422647984 0.03610411418975651
2 0.9182156133828996 0.709487825356843 0.02573634543894767 0.02434928631402183
0 0.1584215041464112 0.1385390428211587 0.018873319988561624 0.0327455919395466
0 0.15356019445238775 0.3608312342569269 0.019445238776093794 0.028967254408060455
0 0.15627680869316557 0.48299748110831237 0.01915927938232771 0.02644836272040302
0 0.28853302830997996 0.24265323257766583 0.017157563625965114 0.031066330814441646
0 0.3524449528167 0.12405541561712846 0.018015441807263367 0.03232577665827036
0 0.2619388046897341 0.7084382871536524 0.018301401201029455 0.02392947103274559
0 0.2743780383185588 0.7793870696893367 0.0174435230197312 0.02225020990764064
0 0.49656848727480696 0.21641477749790092 0.016299685444666857 0.030646515533165407
0 0.4372319130683443 0.20780856423173805 0.017157563625965114 0.03190596137699412
0 0.6149556762939663 0.2699412258606213 0.0174435230197312 0.028547439126784216
0 0.4332284815556191 0.4443744752308984 0.016013726050900772 0.028127623845507977
0 0.5224478124106376 0.4376574307304786 0.01658564483843294 0.028127623845507977
0 0.48141263940520446 0.6500839630562553 0.015155847869602517 0.02644836272040302
0 0.6980268801830141 0.2865239294710327 0.019445238776093794 0.02980688497061293
0 0.7600800686302545 0.15680100755667506 0.018873319988561624 0.03316540722082284
0 0.822419216471261 0.12153652392947104 0.020589076351158135 0.03232577665827036
0 0.8827566485559051 0.18219983207388749 0.020017157563625966 0.031066330814441646
0 0.8192736631398342 0.2506297229219144 0.021732913926222477 0.031066330814441646
0 0.8029739776951673 0.2875734676742233 0.020589076351158135 0.027707808564231738
0 0.8397197597941093 0.3461376994122586 0.021446954532456392 0.028967254408060455
0 0.9402344867028882 0.33984047019311503 0.021732913926222477 0.028127623845507977
0 0.9283671718615957 0.3692275398824517 0.01973119816985988 0.02644836272040302
0 0.8161281098084072 0.4632661628883291 0.020017157563625966 0.02644836272040302
0 0.761795824992851 0.4508816120906801 0.021160995138690308 0.02938706968933669
0 0.8278524449528167 0.7474811083123426 0.021160995138690308 0.02476910159529807
1 0.14069202173291392 0.23488664987405541 0.021160995138690308 0.03316540722082284
1 0.20746354017729482 0.2554575986565911 0.018015441807263367 0.02980688497061293
1 0.14969974263654562 0.4351385390428212 0.01973119816985988 0.0272879932829555
1 0.2926794395195882 0.660159529806885 0.018015441807263367 0.02392947103274559
1 0.33571632828138404 0.698992443324937 0.017157563625965114 0.02518891687657431
1 0.5307406348298541 0.1756926952141058 0.016013726050900772 0.031486146095717885
1 0.5910780669144982 0.23005877413937867 0.018301401201029455 0.033585222502099076
1 0.5077209036316843 0.36439966414777497 0.015155847869602517 0.031066330814441646
1 0.49456677151844436 0.4351385390428212 0.016299685444666857 0.02980688497061293
1 0.5494709751215328 0.5858522250209908 0.015727766657134688 0.02392947103274559
1 0.5889333714612525 0.7088581024349286 0.01687160423219903 0.02392947103274559
1 0.6022304832713755 0.7590260285474392 0.01658564483843294 0.02518891687657431
1 0.5407492136116672 0.7684718723761544 0.01658564483843294 0.02476910159529807
1 0.72790963683157 0.5394626364399664 0.02030311695739205 0.02518891687657431