0 0.135229 0.230929 0.0492372 0.0450763
0 0.500694 0.435506 0.0423024 0.036061
0 0.290569 0.435506 0.0527046 0.0450763
0 0.457004 0.649792 0.0457698 0.0423024
1 0.421637 0.248266 0.0818308 0.0416089
1 0.337725 0.369626 0.0873786 0.0478502
1 0.328017 0.626214 0.0790569 0.0402219
1 0.587379 0.595007 0.0714286 0.0492372
1 0.26699 0.325243 0.0575589 0.0755895
1 0.807906 0.194175 0.0658807 0.0624133
2 0.506935 0.608877 0.0957004 0.09362
2 0.675451 0.426491 0.11165 0.0436893
2 0.373093 0.784327 0.0832178 0.102635
