0 0.0589459 0.262829 0.0423024 0.0443828
0 0.244105 0.321082 0.0450763 0.0499307
0 0.334258 0.548544 0.0478502 0.0402219
0 0.337725 0.428571 0.0464632 0.0471567
0 0.386269 0.380028 0.0499307 0.0471567
0 0.656033 0.579057 0.0499307 0.037448
0 0.409154 0.168516 0.0416089 0.0457698
0 0.592233 0.181692 0.0520111 0.0457698
1 0.0887656 0.34258 0.0776699 0.0395284
1 0.216366 0.230929 0.0887656 0.036061
1 0.661581 0.514563 0.0644938 0.0665742
1 0.400832 0.530513 0.0832178 0.0402219
1 0.486824 0.277393 0.0776699 0.0381415
2 0.092233 0.442441 0.0478502 0.124827
