2 0.275235916499857 0.834592779177162 0.04317986845867887 0.05037783375314862
2 0.31727194738347153 0.6622586062132662 0.03574492422076065 0.06339210747271201
2 0.15456105233056905 0.36523929471032746 0.029453817557906777 0.07388748950461797
2 0.27895338861881613 0.25356842989084805 0.03574492422076065 0.05793450881612091
2 0.9558192736631398 0.8839210747271201 0.0386045181584215 0.07514693534844669
2 0.48670288818987706 0.6528127623845508 0.04804117815270231 0.0436607892527288
2 0.5749213611667143 0.6929051217464316 0.052330569059193595 0.044920235096557515
2 0.500142979696883 0.20256087321578506 0.03374320846439806 0.06507136859781697
2 0.5210180154418073 0.43157010915197314 0.04804117815270231 0.02518891687657431
2 0.446382613668859 0.4527707808564232 0.025164426651415498 0.07178841309823678
2 0.6900200171575637 0.41288832913518053 0.030883614526737203 0.06423173803526448
2 0.8241349728338576 0.5797649034424853 0.04975693451529883 0.04114189756507137
2 0.7293394338004003 0.554575986565911 0.04661138118387189 0.06465155331654072
2 0.7044609665427509 0.48446683459277917 0.04947097512153274 0.02518891687657431
2 0.8484415213039749 0.38287153652392947 0.05890763511581355 0.03526448362720403
2 0.9470975121532742 0.3610411418975651 0.03774663997712325 0.05961376994122586
1 0.25378896196740064 0.7894626364399664 0.029453817557906777 0.030646515533165407
1 0.25979410923648844 0.716624685138539 0.0328853302830998 0.03190596137699412
1 0.30855018587360594 0.7336272040302267 0.029167858164140692 0.035684298908480266
1 0.2409207892479268 0.5929890848026869 0.03402916785816414 0.02225020990764064
1 0.33900486130969404 0.0948782535684299 0.036888761795824995 0.033585222502099076
1 0.2630826422647984 0.2848446683459278 0.023448670288818987 0.04324097397145256
1 0.18372891049470974 0.3320738874895046 0.0328853302830998 0.02938706968933669
1 0.14712610809265084 0.23446683459277917 0.03460108664569631 0.030646515533165407
1 0.5413211323991993 0.9023929471032746 0.030311695739205034 0.03736356003358522
1 0.45553331426937377 0.6834592779177162 0.02688018301401201 0.0436607892527288
1 0.6155275950814985 0.5434508816120907 0.03231341149556763 0.03400503778337532
1 0.4056334000571919 0.473551637279597 0.030597655132971118 0.03610411418975651
1 0.5088647412067486 0.3343828715365239 0.03517300543322848 0.025608732157850547
1 0.8461538461538461 0.33879093198992444 0.031455533314269375 0.051217464315701094
1 0.9086359736917358 0.14336691855583544 0.03002573634543895 0.035684298908480266
1 0.7523591649985703 0.15512174643157012 0.031455533314269375 0.02980688497061293
0 0.35115813554475267 0.6702350965575147 0.018873319988561624 0.02644836272040302
0 0.1335430368887618 0.1494542401343409 0.022304832713754646 0.02518891687657431
0 0.12038890477552187 0.2619647355163728 0.023448670288818987 0.028547439126784216
0 0.22948241349728338 0.39126784214945426 0.02030311695739205 0.02434928631402183
0 0.5629110666285387 0.8650293870696893 0.01973119816985988 0.030646515533165407
0 0.5423219902773806 0.5885810243492863 0.01687160423219903 0.02434928631402183
0 0.523448670288819 0.6614189756507137 0.01687160423219903 0.02392947103274559
0 0.6202459250786388 0.6085222502099077 0.024020589076351156 0.02980688497061293
0 0.4808407206176723 0.4250629722921914 0.016299685444666857 0.028127623845507977
0 0.5734915641978839 0.32052896725440805 0.01973119816985988 0.025608732157850547
0 0.5990849299399486 0.2691015952980689 0.021732913926222477 0.027707808564231738
0 0.6967400629110666 0.244752308984047 0.0174435230197312 0.028547439126784216
0 0.731341149556763 0.5121746431570109 0.021446954532456392 0.02686817800167926
0 0.8062625107234773 0.45675902602854745 0.02259079210752073 0.027707808564231738
0 0.7965398913354304 0.27225020990764065 0.01915927938232771 0.02225020990764064
0 0.8268515870746354 0.24916036943744752 0.02087503574492422 0.028967254408060455