0 0.20413306451612903 0.4227150537634409 0.01663306451612903 0.03225806451612903
0 0.3506804435483871 0.21723790322580644 0.0078125 0.018481182795698926
0 0.5917338709677419 0.7375672043010753 0.020161290322580645 0.01747311827956989
0 0.6152973790322581 0.603494623655914 0.012348790322580645 0.021505376344086023
0 0.5972782258064516 0.5630040322580645 0.010080645161290322 0.025873655913978496
0 0.532258064516129 0.5524193548387096 0.01965725806451613 0.016801075268817203
0 0.4527469758064516 0.4183467741935484 0.01688508064516129 0.016801075268817203
0 0.47845262096774194 0.4116263440860215 0.014868951612903226 0.021505376344086023
0 0.5133568548387096 0.4044018817204301 0.017641129032258066 0.01646505376344086
0 0.47416834677419356 0.3324932795698925 0.01033266129032258 0.02385752688172043
0 0.4227570564516129 0.29116263440860213 0.014364919354838709 0.017137096774193547
0 0.3901209677419355 0.37701612903225806 0.011592741935483871 0.018145161290322582
0 0.5099546370967742 0.3180443548387097 0.011340725806451613 0.0198252688172043
0 0.5622479838709677 0.3170362903225806 0.015625 0.017137096774193547
0 0.569304435483871 0.2762096774193548 0.01310483870967742 0.01747311827956989
0 0.6878780241935484 0.5157930107526881 0.020917338709677418 0.01881720430107527
0 0.8233366935483871 0.6307123655913979 0.02066532258064516 0.016801075268817203
0 0.7838961693548387 0.41868279569892475 0.01839717741935484 0.015456989247311828
0 0.6876260080645161 0.457997311827957 0.011340725806451613 0.024193548387096774
0 0.6525957661290323 0.39751344086021506 0.010836693548387098 0.02217741935483871
0 0.715851814516129 0.379872311827957 0.022933467741935484 0.015793010752688172
0 0.690398185483871 0.3528225806451613 0.01033266129032258 0.025537634408602152
0 0.5943800403225806 0.34475806451612906 0.011844758064516129 0.0228494623655914
0 0.6878780241935484 0.30863575268817206 0.018901209677419355 0.018481182795698926
0 0.6798135080645161 0.24479166666666666 0.009324596774193549 0.026545698924731184
0 0.7072832661290323 0.22379032258064516 0.016381048387096774 0.016801075268817203
0 0.6824596774193549 0.18548387096774194 0.016129032258064516 0.019489247311827957
0 0.6098790322580645 0.19422043010752688 0.010080645161290322 0.026881720430107527
1 0.18686995967741934 0.3084677419354839 0.026461693548387098 0.028225806451612902
1 0.22542842741935484 0.3024193548387097 0.02242943548387097 0.02956989247311828
1 0.2657510080645161 0.3600470430107527 0.012852822580645162 0.03797043010752688
1 0.3011592741935484 0.37533602150537637 0.015625 0.034274193548387094
1 0.36076108870967744 0.3318212365591398 0.025453629032258066 0.03125
1 0.3113659274193548 0.45278897849462363 0.014868951612903226 0.03393817204301075
1 0.3971774193548387 0.4495967741935484 0.024193548387096774 0.026881720430107527
1 0.39944556451612906 0.6542338709677419 0.02217741935483871 0.031586021505376344
1 0.4096522177419355 0.5315860215053764 0.01940524193548387 0.03024193548387097
1 0.47731854838709675 0.4895833333333333 0.017137096774193547 0.028225806451612902
1 0.49899193548387094 0.5467069892473119 0.019153225806451613 0.02889784946236559
1 0.5194052419354839 0.508736559139785 0.021673387096774195 0.02956989247311828
1 0.5425907258064516 0.4835349462365591 0.020161290322580645 0.026881720430107527
1 0.6659526209677419 0.6063508064516129 0.017389112903225805 0.03393817204301075
1 0.6234879032258065 0.6780913978494624 0.018145161290322582 0.035618279569892476
1 0.5446068548387096 0.3968413978494624 0.021169354838709676 0.025537634408602152
1 0.4866431451612903 0.36206317204301075 0.012096774193548387 0.03192204301075269
1 0.5435987903225806 0.3467741935483871 0.019153225806451613 0.031586021505376344
1 0.5628780241935484 0.2399193548387097 0.014364919354838709 0.028225806451612902
1 0.627898185483871 0.21001344086021506 0.013356854838709678 0.03024193548387097
1 0.5866935483870968 0.43430779569892475 0.015120967741935484 0.02788978494623656
1 0.7018649193548387 0.40658602150537637 0.022681451612903226 0.016801075268817203
1 0.7308467741935484 0.38810483870967744 0.016129032258064516 0.028225806451612902
1 0.6270161290322581 0.48185483870967744 0.015120967741935484 0.033602150537634407
1 0.7370211693548387 0.484375 0.020917338709677418 0.029233870967741934
1 0.8334173387096774 0.4884072580645161 0.02620967741935484 0.022513440860215055
1 0.8850806451612904 0.5917338709677419 0.02066532258064516 0.03293010752688172
1 0.7435735887096774 0.6508736559139785 0.020917338709677418 0.03024193548387097
2 0.2139616935483871 0.6360887096774194 0.03326612903225806 0.051075268817204304
2 0.20778729838709678 0.3687836021505376 0.04158266129032258 0.028561827956989246
2 0.2612147177419355 0.42943548387096775 0.01940524193548387 0.04704301075268817
2 0.3499243951612903 0.25151209677419356 0.01839717741935484 0.04670698924731183
2 0.20123487903225806 0.5265456989247311 0.030493951612903226 0.04973118279569892
2 0.35572076612903225 0.6001344086021505 0.042086693548387094 0.0228494623655914
2 0.3704637096774194 0.6518817204301075 0.02620967741935484 0.053763440860215055
2 0.3499243951612903 0.7291666666666666 0.04158266129032258 0.033602150537634407
2 0.48021673387096775 0.6782594086021505 0.04057459677419355 0.028561827956989246
2 0.5467489919354839 0.7400873655913979 0.021925403225806453 0.052083333333333336
2 0.5533014112903226 0.6107190860215054 0.016381048387096774 0.050739247311827954
2 0.5885836693548387 0.5231854838709677 0.017893145161290324 0.04233870967741935
2 0.44682459677419356 0.5275537634408602 0.017137096774193547 0.04502688172043011
2 0.4124243951612903 0.36038306451612906 0.020917338709677418 0.039986559139784945
2 0.4669858870967742 0.2642809139784946 0.02721774193548387 0.03326612903225806
2 0.5206653225806451 0.2825940860215054 0.018145161290322582 0.04502688172043011
2 0.610383064516129 0.40389784946236557 0.019153225806451613 0.04435483870967742
2 0.6754032258064516 0.41196236559139787 0.024193548387096774 0.04233870967741935
2 0.6333165322580645 0.33988575268817206 0.03125 0.028561827956989246
2 0.6311743951612904 0.2609206989247312 0.03150201612903226 0.029233870967741934
2 0.698210685483871 0.26360887096774194 0.033014112903225805 0.02385752688172043
2 0.7133316532258065 0.3123319892473118 0.03704637096774194 0.021841397849462367
2 0.7274445564516129 0.18632392473118278 0.02242943548387097 0.03662634408602151
2 0.780241935483871 0.28931451612903225 0.017137096774193547 0.041666666666666664
2 0.7844002016129032 0.5364583333333334 0.036038306451612906 0.026545698924731184
2 0.7219002016129032 0.5678763440860215 0.02847782258064516 0.046370967741935484
2 0.8254788306451613 0.5912298387096774 0.021925403225806453 0.04401881720430108
2 0.3668094758064516 0.43111559139784944 0.021421370967741934 0.05040322580645161