0 0.122053 0.0755895 0.0395284 0.0450763
0 0.0527046 0.156033 0.0409154 0.0402219
0 0.0825243 0.21914 0.0395284 0.036061
0 0.327323 0.200416 0.0423024 0.0409154
0 0.291956 0.284327 0.0395284 0.0416089
0 0.187933 0.294036 0.0423024 0.037448
0 0.221914 0.288488 0.0395284 0.0395284
0 0.221221 0.317614 0.037448 0.0395284
0 0.121359 0.278779 0.037448 0.038835
0 0.179612 0.502774 0.037448 0.0402219
1 0.196255 0.167822 0.0450763 0.0395284
1 0.400139 0.246186 0.0443828 0.0409154
1 0.146325 0.300277 0.0423024 0.0402219
1 0.149098 0.263523 0.0353675 0.036061
