0 0.257975 0.246186 0.0527046 0.0506241
0 0.471567 0.675451 0.0423024 0.0485437
0 0.644938 0.335645 0.0457698 0.0464632
0 0.701803 0.417476 0.0423024 0.0436893
0 0.321082 0.733703 0.0506241 0.0409154
1 0.508322 0.62344 0.0894591 0.0457698
1 0.581831 0.595007 0.0672677 0.0319001
1 0.265603 0.419556 0.0929265 0.0471567
1 0.275312 0.318308 0.0728155 0.0610264
1 0.825243 0.090846 0.0603329 0.0679612
1 0.889043 0.110264 0.0707351 0.0568655
2 0.322469 0.560333 0.118585 0.0665742
2 0.48613 0.417476 0.101248 0.0672677
2 0.628987 0.42233 0.0520111 0.114424
2 0.0533981 0.273232 0.0797503 0.100555
2 0.113731 0.229542 0.0866852 0.124827
2 0.341193 0.226075 0.112344 0.0742025
2 0.337032 0.369626 0.110957 0.054785
2 0.776006 0.137309 0.121359 0.0679612
2 0.806519 0.228849 0.100555 0.0672677
