0 0.334258 0.379334 0.038835 0.0416089
0 0.42233 0.601248 0.0443828 0.0381415
0 0.20111 0.604022 0.0409154 0.0423024
1 0.383495 0.110264 0.0651872 0.038835
1 0.130374 0.329404 0.0624133 0.0485437
1 0.12552 0.391123 0.0700416 0.038835
1 0.150485 0.629681 0.0638003 0.0346741
1 0.60957 0.199723 0.0776699 0.0402219
1 0.626907 0.289182 0.0416089 0.0783634
2 0.540915 0.339806 0.0638003 0.121359
2 0.354369 0.538835 0.113037 0.0568655
2 0.315534 0.438974 0.11165 0.0450763
2 0.187933 0.547157 0.11165 0.0568655
2 0.337032 0.180305 0.0991678 0.0832178
2 0.175451 0.170596 0.106103 0.0672677
