0 0.150485 0.24896 0.0395284 0.0416089
0 0.266297 0.246879 0.0395284 0.0381415
0 0.321775 0.0991678 0.036061 0.0409154
0 0.400832 0.118585 0.0395284 0.038835
1 0.194868 0.226768 0.0339806 0.0339806
1 0.276699 0.196255 0.037448 0.0395284
1 0.361304 0.405687 0.0409154 0.0402219
1 0.380028 0.457698 0.0457698 0.0443828
1 0.450069 0.29889 0.0443828 0.0409154
1 0.361997 0.147712 0.0443828 0.0423024
2 0.214286 0.267684 0.0395284 0.0436893
2 0.321082 0.414702 0.0443828 0.0409154
2 0.490985 0.309986 0.0423024 0.0395284
2 0.40638 0.604022 0.0423024 0.0423024
