0 0.494452 0.508322 0.0395284 0.0381415
0 0.660194 0.442441 0.0478502 0.0457698
0 0.688627 0.504854 0.0478502 0.0457698
0 0.578363 0.211512 0.0457698 0.0332871
0 0.355062 0.147018 0.0457698 0.0436893
0 0.472954 0.398058 0.0423024 0.038835
1 0.248266 0.321775 0.0540915 0.0596394
1 0.397365 0.373093 0.0603329 0.0533981
1 0.520111 0.185853 0.0464632 0.0714286
1 0.629681 0.268377 0.0852982 0.0353675
2 0.190707 0.487517 0.106796 0.0866852
2 0.149098 0.368932 0.0527046 0.117892
2 0.740638 0.261442 0.0755895 0.103329
2 0.333564 0.09362 0.121359 0.0464632
