0 0.183079 0.225381 0.0478502 0.0513176
0 0.223994 0.31276 0.0499307 0.0506241
0 0.0866852 0.370319 0.0457698 0.0520111
0 0.411928 0.160194 0.0582524 0.0568655
0 0.479196 0.23301 0.0520111 0.0554785
0 0.565881 0.194868 0.0533981 0.0554785
0 0.624827 0.180999 0.0554785 0.0527046
0 0.478502 0.297503 0.0520111 0.0513176
0 0.39043 0.333564 0.0520111 0.0533981
1 0.383495 0.393897 0.0499307 0.0464632
1 0.539528 0.244105 0.0589459 0.0513176
2 0.516644 0.348821 0.056172 0.054785
2 0.694868 0.132455 0.0714286 0.0658807
