0 0.3272429435483871 0.2501680107526882 0.016381048387096774 0.017137096774193547
0 0.3950352822580645 0.2600806451612903 0.0078125 0.016129032258064516
0 0.3973034274193548 0.3071236559139785 0.010836693548387098 0.024193548387096774
0 0.31111391129032256 0.3785282258064516 0.009324596774193549 0.015120967741935484
0 0.19430443548387097 0.41952284946236557 0.020161290322580645 0.02049731182795699
0 0.23324092741935484 0.42086693548387094 0.018901209677419355 0.015120967741935484
0 0.22530241935483872 0.4705981182795699 0.009576612903225807 0.02385752688172043
0 0.34513608870967744 0.4495967741935484 0.01033266129032258 0.012768817204301076
0 0.43724798387096775 0.661122311827957 0.016129032258064516 0.013776881720430107
0 0.5749747983870968 0.7254704301075269 0.010836693548387098 0.018145161290322582
0 0.46585181451612906 0.4331317204301075 0.013356854838709678 0.020161290322580645
0 0.4632056451612903 0.30997983870967744 0.009072580645161291 0.025201612903225805
0 0.5093245967741935 0.28914650537634407 0.012600806451612902 0.017137096774193547
0 0.5003780241935484 0.34341397849462363 0.012852822580645162 0.023521505376344086
0 0.6275201612903226 0.2446236559139785 0.011592741935483871 0.020161290322580645
0 0.6640625 0.3172043010752688 0.018145161290322582 0.018145161290322582
0 0.6843497983870968 0.33585349462365593 0.01033266129032258 0.021169354838709676
0 0.5816532258064516 0.38323252688172044 0.015120967741935484 0.02049731182795699
0 0.6856098790322581 0.38373655913978494 0.01940524193548387 0.01478494623655914
0 0.7339969758064516 0.3845766129032258 0.011340725806451613 0.015793010752688172
0 0.5971522177419355 0.4946236559139785 0.012348790322580645 0.016801075268817203
0 0.6236139112903226 0.5257056451612904 0.012348790322580645 0.018481182795698926
0 0.6890120967741935 0.519489247311828 0.017137096774193547 0.01881720430107527
0 0.66015625 0.6229838709677419 0.018901209677419355 0.012096774193548387
0 0.7696572580645161 0.6253360215053764 0.014112903225806451 0.023521505376344086
0 0.8567288306451613 0.6421370967741935 0.021925403225806453 0.012096774193548387
0 0.7583165322580645 0.7200940860215054 0.018649193548387098 0.014112903225806451
0 0.6670866935483871 0.7192540322580645 0.009072580645161291 0.021169354838709676
1 0.2924647177419355 0.3484543010752688 0.022933467741935484 0.0228494623655914
1 0.3519405241935484 0.594758064516129 0.02444556451612903 0.018145161290322582
1 0.38860887096774194 0.5411626344086021 0.02469758064516129 0.019153225806451613
1 0.4071320564516129 0.3869287634408602 0.01688508064516129 0.026545698924731184
1 0.48626512096774194 0.2956989247311828 0.01940524193548387 0.023521505376344086
1 0.49584173387096775 0.2362231182795699 0.020917338709677418 0.02956989247311828
1 0.5754788306451613 0.3077956989247312 0.021421370967741934 0.024193548387096774
1 0.5287298387096774 0.4044018817204301 0.02217741935483871 0.023185483870967742
1 0.6082409274193549 0.38961693548387094 0.02242943548387097 0.023185483870967742
1 0.6345766129032258 0.3521505376344086 0.02066532258064516 0.026881720430107527
1 0.6801915322580645 0.2884744623655914 0.020161290322580645 0.023185483870967742
1 0.7605846774193549 0.25873655913978494 0.021169354838709676 0.026881720430107527
1 0.7591985887096774 0.3533266129032258 0.014364919354838709 0.03125
1 0.6155493951612904 0.4366599462365591 0.020917338709677418 0.026545698924731184
1 0.5845514112903226 0.5352822580645161 0.018901209677419355 0.01747311827956989
1 0.5772429435483871 0.6140793010752689 0.0234375 0.017809139784946238
1 0.51953125 0.625 0.022933467741935484 0.023521505376344086
1 0.47366431451612906 0.6512096774193549 0.0234375 0.020833333333333332
1 0.45022681451612906 0.6782594086021505 0.017893145161290324 0.03326612903225806
1 0.29044858870967744 0.766633064516129 0.020917338709677418 0.030577956989247312
1 0.24684979838709678 0.6947244623655914 0.025957661290322582 0.017137096774193547
1 0.5509072580645161 0.7466397849462365 0.021673387096774195 0.020161290322580645
1 0.6169354838709677 0.6906922043010753 0.023689516129032258 0.017137096774193547
1 0.6687247983870968 0.6698588709677419 0.015877016129032258 0.030577956989247312
1 0.7196320564516129 0.7002688172043011 0.015372983870967742 0.031586021505376344
1 0.7065272177419355 0.6226478494623656 0.013860887096774193 0.031586021505376344
1 0.795866935483871 0.5509072580645161 0.018649193548387098 0.029905913978494625
1 0.4887852822580645 0.3797043010752688 0.017389112903225805 0.02217741935483871
2 0.17464717741935484 0.34610215053763443 0.038306451612903226 0.023521505376344086
2 0.2404233870967742 0.2874663978494624 0.03477822580645161 0.023185483870967742
2 0.31565020161290325 0.32610887096774194 0.032006048387096774 0.03326612903225806
2 0.3045614919354839 0.4128024193548387 0.03503024193548387 0.021169354838709676
2 0.28767641129032256 0.46606182795698925 0.021421370967741934 0.04704301075268817
2 0.19102822580645162 0.47127016129032256 0.03477822580645161 0.03528225806451613
2 0.2817540322580645 0.5798051075268817 0.039818548387096774 0.021169354838709676
2 0.2612147177419355 0.6271841397849462 0.033014112903225805 0.039986559139784945
2 0.37689012096774194 0.7610887096774194 0.030997983870967742 0.038306451612903226
2 0.42729334677419356 0.5223454301075269 0.0234375 0.04200268817204301
2 0.45904737903225806 0.5265456989247311 0.032006048387096774 0.028225806451612902
2 0.39692540322580644 0.4447244623655914 0.01965725806451613 0.04334677419354839
2 0.4943296370967742 0.538138440860215 0.03553427419354839 0.02385752688172043
2 0.5037802419354839 0.5655241935483871 0.036290322580645164 0.02217741935483871
2 0.5233114919354839 0.44993279569892475 0.03150201612903226 0.028225806451612902
2 0.5505292338709677 0.4102822580645161 0.020413306451612902 0.03696236559139785
2 0.5483870967741935 0.33736559139784944 0.019153225806451613 0.03696236559139785
2 0.5632560483870968 0.2612567204301075 0.017641129032258066 0.04401881720430108
2 0.6231098790322581 0.2718413978494624 0.019909274193548387 0.043682795698924734
2 0.7076612903225806 0.32426075268817206 0.021673387096774195 0.043682795698924734
2 0.6466733870967742 0.4290994623655914 0.030745967741935484 0.02889784946236559
2 0.69140625 0.41935483870967744 0.017893145161290324 0.043682795698924734
2 0.7384072580645161 0.5450268817204301 0.02469758064516129 0.04233870967741935
2 0.7944808467741935 0.4994959677419355 0.036038306451612906 0.025873655913978496
2 0.8404737903225806 0.6038306451612904 0.021169354838709676 0.04838709677419355
2 0.8092237903225806 0.6426411290322581 0.018649193548387098 0.05141129032258065
2 0.7258064516129032 0.6256720430107527 0.03125 0.028225806451612902
2 0.6675907258064516 0.5529233870967742 0.031754032258064516 0.03192204301075269