0 0.27494959677419356 0.3736559139784946 0.014112903225806451 0.016129032258064516
0 0.3443800403225806 0.3558467741935484 0.0073084677419354835 0.016129032258064516
0 0.36088709677419356 0.39751344086021506 0.009072580645161291 0.027553763440860215
0 0.3001512096774194 0.5055443548387096 0.01310483870967742 0.015120967741935484
0 0.23450100806451613 0.5814852150537635 0.017389112903225805 0.013776881720430107
0 0.1930443548387097 0.5999663978494624 0.021169354838709676 0.014448924731182795
0 0.24332157258064516 0.633736559139785 0.01033266129032258 0.02620967741935484
0 0.35622479838709675 0.5577956989247311 0.014364919354838709 0.01478494623655914
0 0.5064264112903226 0.7093413978494624 0.012852822580645162 0.010752688172043012
0 0.6476814516129032 0.7024529569892473 0.011088709677419355 0.015793010752688172
0 0.7230342741935484 0.6532258064516129 0.010080645161290322 0.01747311827956989
0 0.688508064516129 0.571236559139785 0.018145161290322582 0.016129032258064516
0 0.46383568548387094 0.484375 0.011340725806451613 0.023185483870967742
0 0.4241431451612903 0.37348790322580644 0.007056451612903226 0.025201612903225805
0 0.46018145161290325 0.3346774193548387 0.011088709677419355 0.015456989247311828
0 0.4676159274193548 0.38810483870967744 0.009828629032258064 0.02620967741935484
0 0.5515372983870968 0.39096102150537637 0.012348790322580645 0.023185483870967742
0 0.55078125 0.2505040322580645 0.01033266129032258 0.017137096774193547
0 0.6037046370967742 0.30023521505376344 0.014868951612903226 0.0198252688172043
0 0.6262600806451613 0.31031586021505375 0.010080645161290322 0.017137096774193547
0 0.6407510080645161 0.35114247311827956 0.01688508064516129 0.01747311827956989
0 0.6813256048387096 0.3324932795698925 0.008820564516129033 0.015120967741935484
0 0.5980342741935484 0.4850470430107527 0.010080645161290322 0.014448924731182795
0 0.6296622983870968 0.501008064516129 0.010836693548387098 0.01478494623655914
0 0.6828377016129032 0.46723790322580644 0.014364919354838709 0.022513440860215055
0 0.7787298387096774 0.525369623655914 0.011088709677419355 0.025201612903225805
0 0.8511844758064516 0.5055443548387096 0.020413306451612902 0.01243279569892473
0 0.7962449596774194 0.6129032258064516 0.020917338709677418 0.0114247311827957
1 0.27205141129032256 0.4830309139784946 0.020413306451612902 0.025201612903225805
1 0.3353074596774194 0.8395497311827957 0.0234375 0.022513440860215055
1 0.4017137096774194 0.8862567204301075 0.013608870967741936 0.037298387096774195
1 0.4067540322580645 0.6903561827956989 0.023689516129032258 0.018481182795698926
1 0.42477318548387094 0.620127688172043 0.022933467741935484 0.02049731182795699
1 0.5241935483870968 0.7194220430107527 0.012096774193548387 0.03494623655913978
1 0.5369203629032258 0.6848118279569892 0.023941532258064516 0.016801075268817203
1 0.39604334677419356 0.4679099462365591 0.012852822580645162 0.028561827956989246
1 0.4313256048387097 0.2931787634408602 0.021421370967741934 0.025873655913978496
1 0.4415322580645161 0.3492943548387097 0.014616935483870967 0.02721774193548387
1 0.5243195564516129 0.3269489247311828 0.01839717741935484 0.0228494623655914
1 0.4674899193548387 0.4274193548387097 0.02066532258064516 0.016801075268817203
1 0.5108366935483871 0.4329637096774194 0.021673387096774195 0.02049731182795699
1 0.5699344758064516 0.6379368279569892 0.0234375 0.018481182795698926
1 0.6323084677419355 0.7323588709677419 0.017641129032258066 0.025873655913978496
1 0.6150453629032258 0.599630376344086 0.020413306451612902 0.02385752688172043
1 0.6723790322580645 0.6505376344086021 0.021169354838709676 0.016801075268817203
1 0.7100554435483871 0.6100470430107527 0.020413306451612902 0.02385752688172043
1 0.7603326612903226 0.6130712365591398 0.01965725806451613 0.025873655913978496
1 0.5984122983870968 0.5252016129032258 0.017389112903225805 0.023521505376344086
1 0.5975302419354839 0.4248991935483871 0.021673387096774195 0.023185483870967742
1 0.5768649193548387 0.38793682795698925 0.019153225806451613 0.021841397849462367
1 0.5894657258064516 0.3432459677419355 0.02217741935483871 0.02385752688172043
1 0.6086189516129032 0.26780913978494625 0.019153225806451613 0.020833333333333332
1 0.668976814516129 0.21303763440860216 0.020413306451612902 0.02620967741935484
1 0.6930443548387096 0.2963709677419355 0.016129032258064516 0.026881720430107527
1 0.7791078629032258 0.4526209677419355 0.020413306451612902 0.023521505376344086
1 0.727570564516129 0.5502352150537635 0.018145161290322582 0.025201612903225805
2 0.14805947580645162 0.5341061827956989 0.039566532258064516 0.03192204301075269
2 0.19821068548387097 0.4479166666666667 0.034022177419354836 0.034274193548387094
2 0.28666834677419356 0.4524529569892473 0.03805443548387097 0.024529569892473117
2 0.3048135080645161 0.5414986559139785 0.03805443548387097 0.021169354838709676
2 0.30393145161290325 0.6008064516129032 0.028729838709677418 0.04099462365591398
2 0.20892137096774194 0.6527217741935484 0.028225806451612902 0.04670698924731183
2 0.33404737903225806 0.7110215053763441 0.04007056451612903 0.027553763440860215
2 0.33051915322580644 0.7698252688172043 0.021925403225806453 0.05309139784946237
2 0.4826108870967742 0.831989247311828 0.03881048387096774 0.024193548387096774
2 0.45501512096774194 0.5835013440860215 0.013860887096774193 0.04872311827956989
2 0.4866431451612903 0.5740927419354839 0.03578629032258065 0.018481182795698926
2 0.5204133064516129 0.5677083333333334 0.028729838709677418 0.029905913978494625
2 0.5386844758064516 0.5924059139784946 0.036038306451612906 0.01881720430107527
2 0.5209173387096774 0.4734543010752688 0.023689516129032258 0.033602150537634407
2 0.534148185483871 0.4284274193548387 0.011844758064516129 0.038978494623655914
2 0.5098286290322581 0.364247311827957 0.02469758064516129 0.028225806451612902
2 0.5012600806451613 0.28981854838709675 0.021673387096774195 0.03864247311827957
2 0.5560735887096774 0.2765456989247312 0.024949596774193547 0.035618279569892476
2 0.6437752016129032 0.290994623655914 0.024949596774193547 0.035618279569892476
2 0.6570060483870968 0.3785282258064516 0.023689516129032258 0.03326612903225806
2 0.6224798387096774 0.4055779569892473 0.03377016129032258 0.019489247311827957
2 0.6755292338709677 0.5052083333333334 0.03553427419354839 0.019153225806451613
2 0.7303427419354839 0.4682459677419355 0.016129032258064516 0.04334677419354839
2 0.7638608870967742 0.4097782258064516 0.034274193548387094 0.017137096774193547
2 0.8300151209677419 0.4781586021505376 0.02444556451612903 0.0396505376344086
2 0.8146421370967742 0.5228494623655914 0.02242943548387097 0.04502688172043011
2 0.7467237903225806 0.5446908602150538 0.03528225806451613 0.019489247311827957
2 0.4036038306451613 0.526377688172043 0.012852822580645162 0.0480510752688172