1 0.05890763511581355 0.15344248530646515 0.018873319988561624 0.0272879932829555
1 0.13211323991993137 0.1463056255247691 0.018301401201029455 0.028967254408060455
1 0.17128967686588503 0.1580604534005038 0.020017157563625966 0.03232577665827036
1 0.2848155561910209 0.2663727959697733 0.018873319988561624 0.030646515533165407
1 0.3431512725193023 0.10663308144416457 0.015441807263368601 0.02938706968933669
1 0.16271089505290248 0.3417296389588581 0.020017157563625966 0.02686817800167926
1 0.2356305404632542 0.5749370277078085 0.017729482413497283 0.025608732157850547
1 0.20589076351158137 0.6463056255247691 0.018301401201029455 0.021410579345088162
1 0.22190448956248213 0.6876574307304786 0.018873319988561624 0.023509655751469353
1 0.2889619674006291 0.6750629722921915 0.015155847869602517 0.020990764063811923
1 0.26150986559908496 0.8213685978169606 0.01687160423219903 0.02225020990764064
1 0.5354589648269946 0.5883711167086482 0.01687160423219903 0.02392947103274559
1 0.5880754932799542 0.6828295549958019 0.015727766657134688 0.023089840470193114
1 0.5634829854160709 0.8958858102434929 0.015155847869602517 0.02434928631402183
1 0.6322562196168144 0.8967254408060453 0.015441807263368601 0.0218303946263644
1 0.42179010580497567 0.3518052057094878 0.015441807263368601 0.027707808564231738
1 0.4267943951958822 0.21683459277917716 0.015727766657134688 0.030646515533165407
1 0.4432370603374321 0.20382031905961376 0.015441807263368601 0.025608732157850547
1 0.48212753788961965 0.3755247691015953 0.01486988847583643 0.02392947103274559
1 0.49413783242779524 0.43052057094878254 0.016013726050900772 0.02644836272040302
1 0.6163854732627967 0.5285474391267843 0.014012010294538175 0.020990764063811923
1 0.744924220760652 0.5955079764903443 0.020017157563625966 0.02392947103274559
1 0.7949671146697169 0.44605373635600337 0.020017157563625966 0.02476910159529807
1 0.6968830426079496 0.3830814441645676 0.017729482413497283 0.028127623845507977
1 0.9376608521589934 0.3616708648194794 0.022304832713754646 0.028967254408060455
1 0.8237060337432085 0.25293870696893367 0.021446954532456392 0.02980688497061293
1 0.694595367457821 0.24244332493702772 0.019445238776093794 0.031486146095717885
1 0.755218758936231 0.1977329974811083 0.017729482413497283 0.02686817800167926
1 0.835573348584501 0.755247691015953 0.018873319988561624 0.022670025188916875
1 0.9124964255075779 0.7067590260285475 0.020589076351158135 0.02225020990764064
1 0.9395195882184729 0.7172544080604534 0.02030311695739205 0.023089840470193114
1 0.9269373748927652 0.8528547439126785 0.01973119816985988 0.025608732157850547
1 0.8736059479553904 0.8910579345088161 0.020017157563625966 0.02476910159529807
2 0.15356019445238775 0.23782535684298908 0.021732913926222477 0.03232577665827036
2 0.20917929653989134 0.24622166246851385 0.01973119816985988 0.031486146095717885
2 0.22290534744066343 0.3893786733837112 0.01973119816985988 0.025608732157850547
2 0.25350300257363456 0.7128463476070529 0.02087503574492422 0.02518891687657431
2 0.48012582213325705 0.677791771620487 0.015441807263368601 0.023089840470193114
2 0.5094366599942808 0.6675062972292192 0.01687160423219903 0.023509655751469353
2 0.5250214469545325 0.7760285474391267 0.016013726050900772 0.02392947103274559
2 0.5533314269373749 0.7758186397984886 0.017729482413497283 0.023509655751469353
2 0.6484129253645983 0.8692275398824517 0.0174435230197312 0.025608732157850547
2 0.4305118673148413 0.4808984047019311 0.015727766657134688 0.023089840470193114
2 0.44652559336574205 0.4267422334172964 0.015727766657134688 0.02644836272040302
2 0.5028595939376609 0.21431570109151973 0.016299685444666857 0.02980688497061293
2 0.5280240205890764 0.1681360201511335 0.016299685444666857 0.03316540722082284
2 0.6055190162996854 0.25293870696893367 0.01858736059479554 0.030646515533165407
2 0.5747783814698313 0.34865659109991604 0.017157563625965114 0.028967254408060455
2 0.5052902487846725 0.34781696053736355 0.018301401201029455 0.028127623845507977
2 0.5277380611953103 0.42842149454240136 0.01687160423219903 0.02644836272040302
2 0.7077494995710609 0.5130142737195634 0.020017157563625966 0.02518891687657431
2 0.7389190734915642 0.5403022670025189 0.020589076351158135 0.02434928631402183
2 0.8178438661710037 0.5719983207388749 0.02287675150128682 0.02644836272040302
2 0.8278524449528167 0.3604114189756507 0.022304832713754646 0.028967254408060455
2 0.8372891049470975 0.13350125944584382 0.022304832713754646 0.0327455919395466
2 0.9046325421790106 0.12363560033585222 0.024878467257649414 0.03400503778337532