0 0.12344 0.229542 0.0499307 0.0464632
0 0.165742 0.275312 0.0478502 0.0436893
0 0.332871 0.238558 0.0464632 0.0423024
0 0.411234 0.236477 0.0520111 0.0409154
0 0.485437 0.230929 0.0471567 0.0457698
0 0.622746 0.462552 0.0423024 0.0402219
0 0.503467 0.636616 0.0423024 0.0450763
1 0.34258 0.371706 0.0582524 0.0617198
1 0.36061 0.552011 0.0755895 0.0325936
1 0.780166 0.218447 0.0776699 0.036061
1 0.350902 0.755201 0.0638003 0.0589459
2 0.488904 0.382802 0.0492372 0.119279
2 0.650485 0.382802 0.0915395 0.101942
2 0.819001 0.135922 0.113037 0.0471567
2 0.559639 0.592927 0.0950069 0.0832178
