1 0.151872 0.407073 0.037448 0.0457698
1 0.163662 0.183773 0.037448 0.0506241
1 0.203883 0.162275 0.037448 0.0423024
1 0.298197 0.445908 0.036061 0.0395284
1 0.327323 0.536754 0.038835 0.0436893
2 0.172677 0.619972 0.037448 0.0381415
2 0.211512 0.530513 0.037448 0.0436893
2 0.348128 0.179612 0.0395284 0.0492372
2 0.409154 0.103329 0.0395284 0.054785
2 0.597087 0.243412 0.0450763 0.0506241
2 0.522885 0.401526 0.0416089 0.0478502
2 0.354369 0.400139 0.0443828 0.0464632
2 0.40846 0.533287 0.0409154 0.0436893
