0 0.1966985887096774 0.25268817204301075 0.013860887096774193 0.030913978494623656
0 0.38092237903225806 0.1196236559139785 0.01033266129032258 0.01881720430107527
0 0.4170866935483871 0.6713709677419355 0.009072580645161291 0.013440860215053764
0 0.4899193548387097 0.5636760752688172 0.01310483870967742 0.02385752688172043
0 0.48752520161290325 0.5184811827956989 0.008820564516129033 0.026881720430107527
0 0.4288054435483871 0.4806787634408602 0.01033266129032258 0.015120967741935484
0 0.4014616935483871 0.33014112903225806 0.008568548387096774 0.015793010752688172
0 0.3621471774193548 0.2723454301075269 0.007560483870967742 0.017137096774193547
0 0.4185987903225806 0.20648521505376344 0.008568548387096774 0.014448924731182795
0 0.4537550403225806 0.2604166666666667 0.008316532258064516 0.024193548387096774
0 0.4920614919354839 0.25772849462365593 0.012852822580645162 0.023521505376344086
0 0.5420866935483871 0.2762096774193548 0.007560483870967742 0.01747311827956989
0 0.5651461693548387 0.2397513440860215 0.006804435483870968 0.01646505376344086
0 0.4279233870967742 0.33501344086021506 0.008064516129032258 0.016129032258064516
0 0.4630796370967742 0.338877688172043 0.009828629032258064 0.017809139784946238
0 0.5940020161290323 0.5152889784946236 0.011088709677419355 0.015120967741935484
0 0.6045866935483871 0.385752688172043 0.012096774193548387 0.025537634408602152
0 0.618195564516129 0.46102150537634407 0.008568548387096774 0.026881720430107527
0 0.5652721774193549 0.31418010752688175 0.012096774193548387 0.02486559139784946
0 0.6790574596774194 0.396505376344086 0.016381048387096774 0.016801075268817203
0 0.6628024193548387 0.3588709677419355 0.008568548387096774 0.028225806451612902
0 0.6775453629032258 0.31418010752688175 0.014364919354838709 0.016129032258064516
0 0.6954385080645161 0.24630376344086022 0.0073084677419354835 0.026881720430107527
0 0.7358870967741935 0.23706317204301075 0.015625 0.01646505376344086
0 0.7234122983870968 0.1898521505376344 0.014868951612903226 0.019489247311827957
0 0.639616935483871 0.17355510752688172 0.007560483870967742 0.029905913978494625
0 0.7419354838709677 0.46622983870967744 0.011088709677419355 0.017809139784946238
0 0.6987147177419355 0.6967405913978495 0.01033266129032258 0.015793010752688172
1 0.2164818548387097 0.15272177419354838 0.020161290322580645 0.028561827956989246
1 0.24924395161290322 0.15843413978494625 0.014112903225806451 0.029233870967741934
1 0.2633568548387097 0.22211021505376344 0.013608870967741936 0.025537634408602152
1 0.2878024193548387 0.2422715053763441 0.013608870967741936 0.03225806451612903
1 0.35017641129032256 0.2212701612903226 0.017893145161290324 0.03326612903225806
1 0.2707913306451613 0.3094758064516129 0.012348790322580645 0.03494623655913978
1 0.3419858870967742 0.33686155913978494 0.017641129032258066 0.03192204301075269
1 0.3277469758064516 0.41498655913978494 0.014868951612903226 0.033602150537634407
1 0.27872983870967744 0.5176411290322581 0.018145161290322582 0.03528225806451613
1 0.40083165322580644 0.462869623655914 0.011340725806451613 0.032594086021505375
1 0.4022177419354839 0.40339381720430106 0.013608870967741936 0.03461021505376344
1 0.43258568548387094 0.4373319892473118 0.012852822580645162 0.03192204301075269
1 0.46295362903225806 0.42405913978494625 0.013608870967741936 0.02956989247311828
1 0.4713961693548387 0.6360887096774194 0.012348790322580645 0.035618279569892476
1 0.5398185483870968 0.5903897849462365 0.011088709677419355 0.03696236559139785
1 0.5472530241935484 0.45950940860215056 0.012852822580645162 0.029233870967741934
1 0.5269657258064516 0.3953293010752688 0.010080645161290322 0.032594086021505375
1 0.45501512096774194 0.2933467741935484 0.010836693548387098 0.02956989247311828
1 0.5139868951612904 0.29838709677419356 0.01033266129032258 0.034274193548387094
1 0.5735887096774194 0.20161290322580644 0.014112903225806451 0.033602150537634407
1 0.6019405241935484 0.6717069892473119 0.020413306451612902 0.024193548387096774
1 0.6600302419354839 0.5075604838709677 0.01310483870967742 0.03461021505376344
1 0.7720514112903226 0.5582997311827957 0.022933467741935484 0.028561827956989246
1 0.7884324596774194 0.6937163978494624 0.017389112903225805 0.03393817204301075
1 0.6537298387096774 0.4171706989247312 0.02066532258064516 0.021841397849462367
1 0.6930443548387096 0.4102822580645161 0.011592741935483871 0.03494623655913978
1 0.6520917338709677 0.1953965053763441 0.009828629032258064 0.032594086021505375
1 0.4973538306451613 0.34593413978494625 0.014868951612903226 0.026545698924731184
2 0.14213709677419356 0.4279233870967742 0.020161290322580645 0.047379032258064516
2 0.16381048387096775 0.3353494623655914 0.017641129032258066 0.04771505376344086
2 0.21597782258064516 0.20950940860215053 0.03276209677419355 0.03393817204301075
2 0.3670614919354839 0.14986559139784947 0.013860887096774193 0.0456989247311828
2 0.2368951612903226 0.2750336021505376 0.021673387096774195 0.03931451612903226
2 0.3229586693548387 0.31216397849462363 0.015877016129032258 0.046370967741935484
2 0.2579385080645161 0.4529569892473118 0.033014112903225805 0.025537634408602152
2 0.25466229838709675 0.5026881720430108 0.030997983870967742 0.041666666666666664
2 0.21459173387096775 0.5596438172043011 0.026965725806451613 0.039986559139784945
2 0.33782762096774194 0.5719086021505376 0.042086693548387094 0.02620967741935484
2 0.37310987903225806 0.6538978494623656 0.03755040322580645 0.04099462365591398
2 0.4295614919354839 0.5431787634408602 0.021421370967741934 0.04872311827956989
2 0.4943296370967742 0.48101478494623656 0.017893145161290324 0.04334677419354839
2 0.3598790322580645 0.42405913978494625 0.022681451612903226 0.041666666666666664
2 0.3883568548387097 0.2626008064516129 0.014112903225806451 0.03864247311827957
2 0.4693800403225806 0.1952284946236559 0.017389112903225805 0.03494623655913978
2 0.5142389112903226 0.2289986559139785 0.012852822580645162 0.042674731182795696
2 0.6096270161290323 0.5787970430107527 0.021169354838709676 0.05275537634408602
2 0.5579637096774194 0.37819220430107525 0.015120967741935484 0.044690860215053765
2 0.6224798387096774 0.41196236559139787 0.017641129032258066 0.049059139784946235
2 0.6053427419354839 0.3234206989247312 0.021169354838709676 0.03662634408602151
2 0.7051411290322581 0.3274529569892473 0.03780241935483871 0.02049731182795699
2 0.7941028225806451 0.332997311827957 0.025705645161290324 0.043682795698924734
2 0.7071572580645161 0.27301747311827956 0.030745967741935484 0.029233870967741934
2 0.6348286290322581 0.24663978494623656 0.025201612903225805 0.033602150537634407
2 0.7741935483870968 0.20833333333333334 0.031754032258064516 0.03494623655913978
2 0.6946824596774194 0.5813172043010753 0.042086693548387094 0.020833333333333332
2 0.7212701612903226 0.6570900537634409 0.016129032258064516 0.050067204301075266