1 0.20111 0.341886 0.0457698 0.0436893
1 0.359223 0.183773 0.054785 0.0527046
1 0.400832 0.128988 0.0527046 0.0513176
1 0.447989 0.165742 0.0513176 0.0499307
1 0.537448 0.178225 0.0554785 0.0540915
1 0.45423 0.289875 0.0499307 0.0457698
1 0.383495 0.366158 0.0554785 0.0520111
2 0.103329 0.400832 0.0513176 0.0506241
2 0.0804438 0.276699 0.0533981 0.0540915
2 0.223994 0.20527 0.0540915 0.054785
2 0.613037 0.187933 0.0610264 0.0582524
2 0.535368 0.231623 0.0624133 0.0554785
2 0.359223 0.536754 0.0568655 0.0464632
2 0.649792 0.570735 0.0638003 0.0492372
