0 0.212109 0.352778 0.017969 0.025000
0 0.191797 0.479167 0.025781 0.019444
0 0.150781 0.556250 0.026563 0.026389
0 0.314453 0.395139 0.025781 0.023611
0 0.280469 0.500694 0.025000 0.020833
0 0.212109 0.673611 0.024219 0.022222
0 0.315625 0.630556 0.017188 0.027778
0 0.408984 0.477778 0.024219 0.033333
0 0.335156 0.744444 0.025000 0.025000
0 0.410156 0.729861 0.015625 0.040278
0 0.426953 0.825000 0.016406 0.027778
0 0.498047 0.722222 0.024219 0.027778
0 0.499609 0.640972 0.019531 0.018056
0 0.463281 0.509722 0.018750 0.025000
0 0.452344 0.330556 0.018750 0.038889
0 0.497656 0.427778 0.014062 0.025000
0 0.546094 0.350000 0.020312 0.027778
0 0.608594 0.243056 0.014062 0.036111
0 0.617578 0.348611 0.016406 0.022222
0 0.603125 0.443056 0.023438 0.025000
0 0.558203 0.524306 0.019531 0.029167
0 0.590625 0.686806 0.018750 0.029167
0 0.607813 0.867361 0.015625 0.023611
0 0.653516 0.598611 0.022656 0.027778
0 0.659375 0.463194 0.018750 0.026389
0 0.733594 0.397222 0.026563 0.019444
0 0.716406 0.493056 0.023438 0.025000
0 0.753906 0.298611 0.015625 0.025000
0 0.846094 0.289583 0.028125 0.034722
0 0.773047 0.451389 0.017969 0.030556
0 0.858984 0.422917 0.027344 0.023611
0 0.759375 0.592361 0.028125 0.023611
0 0.868359 0.584028 0.025781 0.029167
0 0.785156 0.654861 0.028125 0.029167
0 0.846094 0.740278 0.018750 0.027778
0 0.827344 0.836111 0.025000 0.044444
0 0.786719 0.793750 0.015625 0.026389
0 0.730469 0.792361 0.023438 0.037500
