1 0.117198 0.218447 0.0554785 0.054785
1 0.106796 0.276699 0.0513176 0.0533981
1 0.167822 0.278779 0.0527046 0.0513176
1 0.402219 0.24896 0.0450763 0.0485437
1 0.347434 0.403606 0.0457698 0.0436893
1 0.536754 0.622053 0.0492372 0.0492372
1 0.60749 0.581831 0.0423024 0.0416089
1 0.628987 0.472261 0.0464632 0.0513176
1 0.644938 0.407073 0.0423024 0.0478502
2 0.475035 0.413315 0.0471567 0.0499307
2 0.366852 0.582524 0.0527046 0.0513176
2 0.36061 0.748266 0.0506241 0.0450763
0 0.839806 0.165049 0.037448 0.0520111
