0 0.258203 0.337500 0.019531 0.019444
0 0.298828 0.336806 0.011719 0.026389
0 0.263281 0.401389 0.012500 0.033333
0 0.242188 0.431250 0.025000 0.023611
0 0.294531 0.414583 0.018750 0.023611
0 0.353906 0.355556 0.018750 0.022222
0 0.417969 0.270139 0.009375 0.023611
0 0.361328 0.472917 0.017969 0.026389
0 0.266406 0.581250 0.018750 0.031944
0 0.344141 0.578472 0.016406 0.031944
0 0.318750 0.639583 0.014062 0.020833
0 0.361328 0.625694 0.019531 0.029167
0 0.348437 0.701389 0.014062 0.033333
0 0.444531 0.625694 0.012500 0.029167
0 0.469531 0.487500 0.012500 0.025000
0 0.455859 0.397917 0.014844 0.034722
0 0.479688 0.320833 0.014062 0.027778
0 0.544531 0.425694 0.012500 0.020833
0 0.555078 0.305556 0.017969 0.027778
0 0.480859 0.567361 0.013281 0.020833
0 0.469141 0.681250 0.011719 0.031944
0 0.475781 0.727778 0.018750 0.027778
0 0.528125 0.597222 0.025000 0.027778
0 0.632031 0.731250 0.014062 0.034722
0 0.653906 0.694444 0.020312 0.030556
0 0.655469 0.770833 0.017188 0.027778
0 0.632031 0.554861 0.017188 0.029167
0 0.612109 0.394444 0.019531 0.030556
0 0.626562 0.345833 0.018750 0.025000
0 0.735547 0.311111 0.014844 0.036111
0 0.696875 0.439583 0.017188 0.023611
0 0.748438 0.438889 0.014062 0.033333
0 0.813281 0.398611 0.015625 0.025000
0 0.823828 0.345833 0.017969 0.033333
0 0.713281 0.594444 0.014062 0.025000
0 0.705469 0.723611 0.014062 0.022222
0 0.753906 0.675000 0.021875 0.025000
0 0.744141 0.769444 0.016406 0.022222
