0 0.24873991935483872 0.1900201612903226 0.009072580645161291 0.01646505376344086
0 0.3240927419354839 0.2609206989247312 0.010080645161290322 0.01646505376344086
0 0.36466733870967744 0.2768817204301075 0.016129032258064516 0.016129032258064516
0 0.31149193548387094 0.506888440860215 0.016129032258064516 0.014448924731182795
0 0.3012852822580645 0.5551075268817204 0.012348790322580645 0.01747311827956989
0 0.4889112903225806 0.5643481182795699 0.01310483870967742 0.01310483870967742
0 0.4795866935483871 0.271505376344086 0.012096774193548387 0.019489247311827957
0 0.5182711693548387 0.3598790322580645 0.011340725806451613 0.01478494623655914
0 0.5294858870967742 0.3758400537634409 0.013608870967741936 0.015120967741935484
0 0.5754788306451613 0.4781586021505376 0.011340725806451613 0.023521505376344086
0 0.5894657258064516 0.5230174731182796 0.011088709677419355 0.021841397849462367
0 0.5980342741935484 0.5705645161290323 0.010584677419354838 0.013440860215053764
0 0.6536038306451613 0.4732862903225806 0.013860887096774193 0.013776881720430107
0 0.6961945564516129 0.5157930107526881 0.017893145161290324 0.01747311827956989
0 0.7390372983870968 0.5418346774193549 0.017389112903225805 0.01310483870967742
0 0.7377772177419355 0.5739247311827957 0.011340725806451613 0.021505376344086023
0 0.713835685483871 0.6732190860215054 0.01940524193548387 0.01243279569892473
0 0.7413054435483871 0.6832997311827957 0.017389112903225805 0.015120967741935484
0 0.7405493951612904 0.8245967741935484 0.011844758064516129 0.02217741935483871
0 0.8400957661290323 0.8363575268817204 0.014364919354838709 0.02486559139784946
0 0.6810735887096774 0.38289650537634407 0.009324596774193549 0.015120967741935484
0 0.6888860887096774 0.3600470430107527 0.011340725806451613 0.021169354838709676
0 0.7084173387096774 0.3714717741935484 0.01663306451612903 0.018481182795698926
0 0.6687247983870968 0.3395497311827957 0.011844758064516129 0.015793010752688172
0 0.6696068548387096 0.31418010752688175 0.009072580645161291 0.024193548387096774
0 0.7649949596774194 0.34173387096774194 0.018901209677419355 0.015456989247311828
0 0.8001512096774194 0.37600806451612906 0.01965725806451613 0.016129032258064516
0 0.8050655241935484 0.39818548387096775 0.018901209677419355 0.02217741935483871
1 0.3092237903225806 0.20026881720430106 0.017641129032258066 0.03024193548387097
1 0.27759576612903225 0.29939516129032256 0.020917338709677418 0.023521505376344086
1 0.2777217741935484 0.4680779569892473 0.02217741935483871 0.02486559139784946
1 0.33833165322580644 0.5332661290322581 0.019909274193548387 0.02620967741935484
1 0.46723790322580644 0.4959677419354839 0.01965725806451613 0.02486559139784946
1 0.5345262096774194 0.6535618279569892 0.017137096774193547 0.03293010752688172
1 0.4558971774193548 0.34274193548387094 0.014112903225806451 0.026881720430107527
1 0.49319556451612906 0.4070900537634409 0.01965725806451613 0.02385752688172043
1 0.5347782258064516 0.40625 0.011088709677419355 0.03024193548387097
1 0.5722026209677419 0.36139112903225806 0.011340725806451613 0.03192204301075269
1 0.5974042338709677 0.3074596774193548 0.015372983870967742 0.028225806451612902
1 0.5567036290322581 0.26898521505376344 0.020161290322580645 0.024529569892473117
1 0.709929435483871 0.2654569892473118 0.02066532258064516 0.03225806451612903
1 0.747101814516129 0.2711693548387097 0.017389112903225805 0.03293010752688172
1 0.8224546370967742 0.31048387096774194 0.017389112903225805 0.034274193548387094
1 0.7040070564516129 0.42019489247311825 0.019909274193548387 0.03125
1 0.737273185483871 0.4324596774193548 0.01940524193548387 0.03225806451612903
1 0.764616935483871 0.40860215053763443 0.015120967741935484 0.03225806451612903
1 0.7206401209677419 0.4679099462365591 0.020917338709677418 0.030577956989247312
1 0.6711189516129032 0.5230174731182796 0.014616935483870967 0.030577956989247312
1 0.6736391129032258 0.5638440860215054 0.015120967741935484 0.03225806451612903
1 0.8138860887096774 0.6775873655913979 0.012348790322580645 0.03326612903225806
1 0.8416078629032258 0.7085013440860215 0.025957661290322582 0.023185483870967742
1 0.7400453629032258 0.7859543010752689 0.02444556451612903 0.026881720430107527
1 0.7629788306451613 0.777385752688172 0.014364919354838709 0.03797043010752688
1 0.7672631048387096 0.8289650537634409 0.014868951612903226 0.035618279569892476
1 0.7957409274193549 0.8121639784946236 0.01940524193548387 0.03293010752688172
1 0.8440020161290323 0.7849462365591398 0.028729838709677418 0.016129032258064516
2 0.28540826612903225 0.2390793010752688 0.03503024193548387 0.02385752688172043
2 0.3371975806451613 0.20346102150537634 0.021673387096774195 0.039986559139784945
2 0.44506048387096775 0.2086693548387097 0.02066532258064516 0.030913978494623656
2 0.3136340725806452 0.3331653225806452 0.03452620967741935 0.028561827956989246
2 0.2662550403225806 0.3321572580645161 0.014868951612903226 0.04334677419354839
2 0.2957409274193548 0.4459005376344086 0.02847782258064516 0.038978494623655914
2 0.3208165322580645 0.5682123655913979 0.019153225806451613 0.04771505376344086
2 0.28326612903225806 0.5989583333333334 0.016129032258064516 0.04939516129032258
2 0.4543850806451613 0.527385752688172 0.02620967741935484 0.04334677419354839
2 0.5084425403225806 0.5157930107526881 0.027973790322580645 0.041666666666666664
2 0.5052923387096774 0.6090389784946236 0.014112903225806451 0.04872311827956989
2 0.5502772177419355 0.5754368279569892 0.03755040322580645 0.024529569892473117
2 0.4938256048387097 0.7306787634408602 0.02242943548387097 0.050067204301075266
2 0.44606854838709675 0.4227150537634409 0.019153225806451613 0.035618279569892476
2 0.46408770161290325 0.3956653225806452 0.029485887096774195 0.032594086021505375
2 0.45803931451612906 0.32644489247311825 0.03150201612903226 0.0198252688172043
2 0.5149949596774194 0.4064180107526882 0.017389112903225805 0.03931451612903226
2 0.5278477822580645 0.28326612903225806 0.032006048387096774 0.031586021505376344
2 0.5942540322580645 0.3371975806451613 0.034274193548387094 0.029905913978494625
2 0.6152973790322581 0.2962029569892473 0.021925403225806453 0.04334677419354839
2 0.6037046370967742 0.45564516129032256 0.020917338709677418 0.04838709677419355
2 0.6466733870967742 0.41952284946236557 0.037298387096774195 0.022513440860215055
2 0.7599546370967742 0.5223454301075269 0.02746975806451613 0.04670698924731183
2 0.7629788306451613 0.4732862903225806 0.020413306451612902 0.04939516129032258
2 0.7905745967741935 0.4122983870967742 0.028729838709677418 0.03696236559139785
2 0.7249243951612904 0.32006048387096775 0.019909274193548387 0.04603494623655914
2 0.7618447580645161 0.6574260752688172 0.03528225806451613 0.037298387096774195
2 0.8127520161290323 0.7770497311827957 0.023689516129032258 0.059475806451612906