0 0.17129 0.20527 0.0478502 0.0506241
0 0.297503 0.418169 0.0443828 0.0450763
0 0.48405 0.407073 0.0395284 0.0471567
0 0.533287 0.633842 0.0471567 0.0443828
2 0.119279 0.237171 0.0568655 0.0568655
2 0.385576 0.230236 0.0499307 0.0533981
2 0.751734 0.12344 0.0416089 0.0596394
2 0.814147 0.151872 0.0423024 0.0589459
2 0.361997 0.75104 0.0533981 0.0457698
1 0.341193 0.375867 0.0478502 0.0436893
1 0.663662 0.410541 0.0485437 0.0513176
1 0.404993 0.527046 0.0506241 0.0506241
1 0.348821 0.565881 0.0457698 0.0443828
1 0.51595 0.560333 0.0436893 0.0450763
1 0.426491 0.82663 0.0492372 0.0429958
