2 0.185853 0.212899 0.036061 0.0402219
2 0.393204 0.133842 0.0416089 0.0395284
2 0.429958 0.214979 0.0416089 0.038835
2 0.363384 0.417476 0.0402219 0.038835
2 0.32663 0.558252 0.038835 0.0402219
2 0.583911 0.60749 0.037448 0.038835
2 0.570735 0.662968 0.038835 0.0436893
1 0.199723 0.119279 0.0367545 0.038835
1 0.265603 0.246186 0.0332871 0.0353675
1 0.339112 0.126214 0.038835 0.0402219
1 0.446602 0.277393 0.0443828 0.0402219
1 0.499307 0.324549 0.0416089 0.0409154
1 0.404993 0.590153 0.0402219 0.0429958
1 0.362691 0.629681 0.0332871 0.0381415
