0 0.2208921370967742 0.24647177419354838 0.010836693548387098 0.013776881720430107
0 0.28515625 0.3419018817204301 0.01033266129032258 0.021169354838709676
0 0.3436239919354839 0.5114247311827957 0.016381048387096774 0.012768817204301076
0 0.3806703629032258 0.6330645161290323 0.012852822580645162 0.012768817204301076
0 0.5510332661290323 0.619119623655914 0.016381048387096774 0.009744623655913979
0 0.40524193548387094 0.33383736559139787 0.015625 0.013776881720430107
0 0.4288054435483871 0.27385752688172044 0.012348790322580645 0.016129032258064516
0 0.5152469758064516 0.2296706989247312 0.012348790322580645 0.017809139784946238
0 0.5280997983870968 0.3084677419354839 0.014868951612903226 0.01747311827956989
0 0.5090725806451613 0.3548387096774194 0.013608870967741936 0.01881720430107527
0 0.6639364919354839 0.5997983870967742 0.01033266129032258 0.010752688172043012
0 0.6781754032258065 0.5641801075268817 0.010584677419354838 0.014112903225806451
0 0.6853578629032258 0.6172715053763441 0.017893145161290324 0.010752688172043012
0 0.7075352822580645 0.6861559139784946 0.011340725806451613 0.012096774193548387
0 0.7585685483870968 0.7417674731182796 0.018649193548387098 0.023185483870967742
0 0.8569808467741935 0.7348790322580645 0.012348790322580645 0.020161290322580645
0 0.7755796370967742 0.6268481182795699 0.01839717741935484 0.015120967741935484
0 0.7694052419354839 0.5809811827956989 0.021673387096774195 0.0114247311827957
0 0.7316028225806451 0.5174731182795699 0.011592741935483871 0.013440860215053764
0 0.752898185483871 0.47731854838709675 0.019909274193548387 0.01243279569892473
0 0.7287046370967742 0.46051747311827956 0.015877016129032258 0.019153225806451613
0 0.6959425403225806 0.46236559139784944 0.019909274193548387 0.012768817204301076
0 0.6502016129032258 0.3489583333333333 0.011592741935483871 0.011760752688172043
0 0.6905241935483871 0.3450940860215054 0.011088709677419355 0.01478494623655914
0 0.7235383064516129 0.32913306451612906 0.01965725806451613 0.014448924731182795
0 0.7612147177419355 0.3343413978494624 0.019909274193548387 0.012768817204301076
0 0.7973790322580645 0.3504704301075269 0.022681451612903226 0.012768817204301076
0 0.8324092741935484 0.3209005376344086 0.02217741935483871 0.013440860215053764
1 0.2584425403225806 0.2896505376344086 0.018901209677419355 0.028225806451612902
1 0.2551663306451613 0.40524193548387094 0.02242943548387097 0.019489247311827957
1 0.37865423387096775 0.5179771505376344 0.02242943548387097 0.0198252688172043
1 0.34475806451612906 0.6843077956989247 0.020161290322580645 0.023185483870967742
1 0.5021421370967742 0.5665322580645161 0.01688508064516129 0.024193548387096774
1 0.6154233870967742 0.6041666666666666 0.022681451612903226 0.02486559139784946
1 0.7040070564516129 0.7249663978494624 0.011340725806451613 0.03461021505376344
1 0.7319808467741935 0.6859879032258065 0.01940524193548387 0.023185483870967742
1 0.7110635080645161 0.592741935483871 0.0234375 0.01478494623655914
1 0.4449344758064516 0.4002016129032258 0.022933467741935484 0.016801075268817203
1 0.4879032258064516 0.26243279569892475 0.022681451612903226 0.01478494623655914
1 0.5630040322580645 0.26243279569892475 0.022681451612903226 0.01881720430107527
1 0.5953881048387096 0.3637432795698925 0.022933467741935484 0.01646505376344086
1 0.5841733870967742 0.3859206989247312 0.02217741935483871 0.02049731182795699
1 0.5554435483870968 0.40524193548387094 0.022681451612903226 0.015456989247311828
1 0.6544858870967742 0.24193548387096775 0.018145161290322582 0.030913978494623656
1 0.6959425403225806 0.20161290322580644 0.023941532258064516 0.027553763440860215
1 0.7852822580645161 0.27856182795698925 0.024193548387096774 0.019489247311827957
1 0.7118195564516129 0.37180779569892475 0.01839717741935484 0.026545698924731184
1 0.7390372983870968 0.3844086021505376 0.02444556451612903 0.018145161290322582
1 0.7967489919354839 0.4227150537634409 0.025957661290322582 0.014112903225806451
1 0.6871219758064516 0.5040322580645161 0.0234375 0.01881720430107527
1 0.8077116935483871 0.494119623655914 0.02620967741935484 0.01646505376344086
1 0.846648185483871 0.4981518817204301 0.021421370967741934 0.026545698924731184
1 0.8659274193548387 0.5962701612903226 0.024193548387096774 0.025201612903225805
1 0.8079637096774194 0.5747647849462365 0.01965725806451613 0.02721774193548387
1 0.8786542338709677 0.6411290322580645 0.018901209677419355 0.02889784946236559
1 0.7915826612903226 0.7261424731182796 0.025201612903225805 0.02217741935483871
2 0.2739415322580645 0.22143817204301075 0.037298387096774195 0.027553763440860215
2 0.3409778225806452 0.2452956989247312 0.03578629032258065 0.019489247311827957
2 0.24281754032258066 0.34946236559139787 0.03755040322580645 0.026881720430107527
2 0.3489163306451613 0.35668682795698925 0.030997983870967742 0.03864247311827957
2 0.3119959677419355 0.45547715053763443 0.03528225806451613 0.026545698924731184
2 0.2975050403225806 0.5836693548387096 0.04007056451612903 0.01747311827956989
2 0.3286290322580645 0.6051747311827957 0.03679435483870968 0.03024193548387097
2 0.4067540322580645 0.5529233870967742 0.03225806451612903 0.025873655913978496
2 0.5349042338709677 0.6701948924731183 0.023941532258064516 0.04133064516129032
2 0.6160534274193549 0.6945564516129032 0.026461693548387098 0.041666666666666664
2 0.49117943548387094 0.616263440860215 0.036290322580645164 0.023521505376344086
2 0.48235887096774194 0.5423387096774194 0.031754032258064516 0.027553763440860215
2 0.4879032258064516 0.5085685483870968 0.037298387096774195 0.019153225806451613
2 0.51171875 0.5295698924731183 0.021925403225806453 0.036290322580645164
2 0.5405745967741935 0.5500672043010753 0.034274193548387094 0.01747311827956989
2 0.5344002016129032 0.5070564516129032 0.02847782258064516 0.034274193548387094
2 0.6662046370967742 0.6498655913978495 0.02242943548387097 0.043682795698924734
2 0.8409778225806451 0.675739247311828 0.03377016129032258 0.031586021505376344
2 0.821320564516129 0.45530913978494625 0.031754032258064516 0.028225806451612902
2 0.8293850806451613 0.4049059139784946 0.034274193548387094 0.02620967741935484
2 0.6179435483870968 0.4274193548387097 0.025705645161290324 0.0456989247311828
2 0.6756552419354839 0.3990255376344086 0.034274193548387094 0.029233870967741934
2 0.6766633064516129 0.2775537634408602 0.03477822580645161 0.020833333333333332
2 0.5961441532258065 0.20514112903225806 0.026965725806451613 0.04065860215053763
2 0.5530493951612904 0.20178091397849462 0.030997983870967742 0.02788978494623656
2 0.47857862903225806 0.22244623655913978 0.03528225806451613 0.025537634408602152
2 0.4245211693548387 0.369119623655914 0.030997983870967742 0.03393817204301075
2 0.5853074596774194 0.3136760752688172 0.03553427419354839 0.02049731182795699