2 0.24306548470117242 0.7212426532325776 0.04918501572776666 0.0436607892527288
2 0.4739776951672863 0.6387489504617968 0.037460680583357164 0.06255247691015953
2 0.6296825850729196 0.5629722921914357 0.050328853302830996 0.037783375314861464
2 0.5423219902773806 0.5948782535684299 0.048899056334000573 0.03610411418975651
2 0.5610523305690592 0.9097397145256088 0.03431512725193023 0.06465155331654072
2 0.3462968258507292 0.0829135180520571 0.047469259365170144 0.04072208228379513
2 0.27423505862167574 0.25608732157850544 0.05147269087789534 0.037783375314861464
2 0.15413211323991993 0.4498320738874895 0.03374320846439806 0.07010915197313182
2 0.1781527023162711 0.5295969773299748 0.042321990277380615 0.05163727959697733
2 0.15213039748355733 0.34634760705289674 0.04403774663997712 0.042821158690176324
2 0.8505862167572205 0.7357262804366079 0.048327137546468404 0.04408060453400504
2 0.9566771518444381 0.8633501259445844 0.04603946239633972 0.0675902602854744
2 0.8605947955390335 0.8937867338371117 0.04661138118387189 0.03946263643996641
2 0.671146697169002 0.3776238455079765 0.04117815270231627 0.05583543240973971
2 0.8311409779811266 0.3547439126784215 0.048327137546468404 0.04030226700251889
2 0.7683728910494709 0.4368178001679261 0.05261652845295968 0.02980688497061293
1 0.23806119531026596 0.5873215785054576 0.031169573920503287 0.0327455919395466
1 0.2996854446668573 0.6681360201511335 0.03374320846439806 0.025608732157850547
1 0.5579067772376323 0.7525188916876574 0.02802402058907635 0.0272879932829555
1 0.16113811838718903 0.2703610411418976 0.030597655132971118 0.03526448362720403
1 0.06834429511009436 0.14504617968094038 0.02630826422647984 0.053316540722082285
1 0.22748069774092078 0.37594458438287154 0.027166142407778097 0.030646515533165407
1 0.268515870746354 0.29995801847187237 0.02459250786388333 0.03316540722082284
1 0.506720045753503 0.34634760705289674 0.030883614526737203 0.0218303946263644
1 0.4223620245925079 0.4811083123425693 0.030311695739205034 0.02434928631402183
1 0.9215041464112096 0.7054995801847187 0.03574492422076065 0.025608732157850547
1 0.9056334000571918 0.906801007556675 0.02688018301401201 0.04953820319059614
1 0.7284815556191021 0.5180520570948782 0.026594223620245924 0.03610411418975651
1 0.8555905061481269 0.46809403862300586 0.0348870460394624 0.04953820319059614
1 0.6022304832713755 0.23194794290512175 0.03374320846439806 0.03232577665827036
1 0.6957392050328853 0.23425692695214106 0.03374320846439806 0.022670025188916875
1 0.9043465827852445 0.13161209068010077 0.0328853302830998 0.02980688497061293
0 0.3081212467829568 0.7283795130142737 0.023162710895052903 0.03190596137699412
0 0.25893623105519015 0.8266162888329135 0.02201887331998856 0.03190596137699412
0 0.4805547612239062 0.5852225020990764 0.014583929082070346 0.022670025188916875
0 0.5162996854446669 0.6660369437447523 0.016299685444666857 0.021410579345088162
0 0.5899342293394338 0.7015113350125944 0.019445238776093794 0.028547439126784216
0 0.5398913354303689 0.7544080604534005 0.019445238776093794 0.023509655751469353
0 0.194595367457821 0.16498740554156172 0.02030311695739205 0.02434928631402183
0 0.15084358021160996 0.24286314021830394 0.027166142407778097 0.025608732157850547
0 0.4403774663997712 0.4345088161209068 0.018301401201029455 0.028547439126784216
0 0.5112953960537604 0.42968094038623006 0.017729482413497283 0.02644836272040302
0 0.8770374606805833 0.8436188077246012 0.02287675150128682 0.03316540722082284
0 0.8159851301115242 0.5841729638958858 0.02087503574492422 0.025608732157850547
0 0.8232770946525594 0.4821578505457599 0.02573634543894767 0.028967254408060455
0 0.7512153274235058 0.117968094038623 0.023448670288818987 0.027707808564231738
0 0.9558192736631398 0.11754827875734676 0.021446954532456392 0.028547439126784216
0 0.9332284815556191 0.35306465155331657 0.021446954532456392 0.027707808564231738