0 0.321875 0.387500 0.010937 0.033333
0 0.365625 0.361806 0.010937 0.026389
0 0.421875 0.295139 0.017188 0.026389
0 0.326172 0.443750 0.021094 0.026389
0 0.328906 0.553472 0.020312 0.020833
0 0.355078 0.623611 0.017969 0.033333
0 0.415234 0.615972 0.019531 0.029167
0 0.410547 0.559722 0.016406 0.022222
0 0.417578 0.491667 0.013281 0.022222
0 0.418359 0.445833 0.019531 0.027778
0 0.441016 0.343056 0.017969 0.030556
0 0.474609 0.303472 0.021094 0.026389
0 0.474219 0.411111 0.012500 0.027778
0 0.446094 0.500694 0.012500 0.026389
0 0.526953 0.500000 0.014844 0.033333
0 0.525391 0.620139 0.013281 0.023611
0 0.568359 0.593750 0.014844 0.031944
0 0.606250 0.696528 0.018750 0.026389
0 0.516797 0.368056 0.016406 0.030556
0 0.503906 0.326389 0.012500 0.033333
0 0.558203 0.329861 0.013281 0.026389
0 0.533984 0.279861 0.011719 0.023611
0 0.602734 0.356944 0.016406 0.030556
0 0.629687 0.300694 0.015625 0.034722
0 0.696875 0.202778 0.015625 0.036111
0 0.673828 0.336806 0.008594 0.034722
0 0.673828 0.422917 0.014844 0.031944
0 0.639453 0.530556 0.017969 0.038889
0 0.713281 0.504861 0.017188 0.029167
0 0.707812 0.409028 0.014062 0.031944
0 0.722656 0.350694 0.015625 0.023611
0 0.728125 0.265972 0.010937 0.031944
0 0.744922 0.311806 0.016406 0.026389
0 0.794141 0.264583 0.016406 0.023611
0 0.771875 0.366667 0.014062 0.025000
0 0.811719 0.514583 0.018750 0.023611
0 0.753516 0.619444 0.016406 0.025000
0 0.822656 0.668056 0.021875 0.022222
0 0.539453 0.413194 0.019531 0.031944
