0 0.163662 0.172677 0.0423024 0.038835
0 0.362691 0.160194 0.0443828 0.036061
0 0.303745 0.195562 0.0416089 0.0423024
0 0.418863 0.365465 0.0409154 0.036061
0 0.34466 0.400139 0.0409154 0.0353675
0 0.230929 0.545076 0.0409154 0.037448
0 0.34258 0.543689 0.0353675 0.036061
0 0.398058 0.56172 0.038835 0.036061
1 0.214286 0.51387 0.0721221 0.0325936
1 0.282247 0.4362 0.0485437 0.0457698
1 0.585298 0.226768 0.0755895 0.0402219
2 0.520804 0.285714 0.0450763 0.120666
2 0.601942 0.320388 0.106796 0.0742025
2 0.137309 0.391123 0.0624133 0.0832178
2 0.151179 0.630374 0.0915395 0.0970874
