0 0.116505 0.237171 0.0589459 0.0499307
0 0.337725 0.389736 0.0485437 0.0520111
0 0.550624 0.656033 0.0443828 0.0450763
0 0.854369 0.18932 0.0423024 0.0520111
1 0.292649 0.348128 0.0464632 0.0492372
1 0.492372 0.395978 0.0409154 0.0485437
1 0.694175 0.423024 0.0506241 0.0520111
1 0.5 0.613731 0.0423024 0.0471567
1 0.803745 0.134535 0.0395284 0.0554785
2 0.373093 0.355756 0.056172 0.054785
2 0.543689 0.423024 0.0513176 0.0554785
2 0.359223 0.518031 0.0520111 0.0513176
2 0.290569 0.601942 0.0568655 0.0513176
2 0.642164 0.40638 0.0464632 0.056172
2 0.416089 0.236477 0.0540915 0.0603329
