0 0.371706 0.613731 0.0353675 0.0381415
0 0.379334 0.416089 0.0367545 0.0381415
0 0.135229 0.21706 0.037448 0.0409154
0 0.18932 0.0880721 0.036061 0.0409154
0 0.271151 0.114424 0.0332871 0.0423024
0 0.349515 0.0783634 0.0367545 0.0416089
0 0.313454 0.140777 0.0353675 0.0346741
0 0.353675 0.136616 0.0353675 0.0402219
1 0.432039 0.28086 0.0395284 0.037448
1 0.126907 0.145631 0.0395284 0.037448
1 0.409154 0.138003 0.0450763 0.0416089
1 0.561026 0.599168 0.0332871 0.0325936
1 0.608877 0.588072 0.037448 0.0346741
2 0.330791 0.42233 0.0416089 0.0416089
2 0.57767 0.648405 0.0492372 0.0409154
