0 0.174757 0.364771 0.037448 0.0450763
0 0.213592 0.466713 0.0423024 0.0395284
0 0.424411 0.368239 0.0471567 0.0416089
0 0.619972 0.464632 0.0492372 0.0436893
0 0.348821 0.163662 0.0450763 0.0471567
0 0.485437 0.198336 0.0423024 0.0471567
0 0.551318 0.208044 0.0416089 0.0443828
0 0.581831 0.253814 0.0471567 0.0436893
0 0.36061 0.0950069 0.0457698 0.0423024
1 0.441748 0.416782 0.0499307 0.0457698
1 0.518031 0.239945 0.0478502 0.0471567
1 0.565881 0.156033 0.0457698 0.0464632
1 0.308599 0.110264 0.0478502 0.0499307
2 0.511789 0.396671 0.0568655 0.0457698
