0 0.2365171370967742 0.2271505376344086 0.016381048387096774 0.018145161290322582
0 0.24344758064516128 0.26780913978494625 0.015625 0.026881720430107527
0 0.23588709677419356 0.35618279569892475 0.017641129032258066 0.016129032258064516
0 0.21685987903225806 0.40372983870967744 0.012348790322580645 0.026545698924731184
0 0.3673135080645161 0.6031586021505376 0.017893145161290324 0.015456989247311828
0 0.4754284274193548 0.5621639784946236 0.011844758064516129 0.020161290322580645
0 0.5103326612903226 0.6491935483870968 0.019153225806451613 0.013440860215053764
0 0.49319556451612906 0.6784274193548387 0.018649193548387098 0.016801075268817203
0 0.46975806451612906 0.4312836021505376 0.008064516129032258 0.01646505376344086
0 0.46799395161290325 0.3244287634408602 0.016129032258064516 0.015793010752688172
0 0.4759324596774194 0.2866263440860215 0.010836693548387098 0.02956989247311828
0 0.5724546370967742 0.3318212365591398 0.008820564516129033 0.024529569892473117
0 0.6174395161290323 0.38071236559139787 0.01965725806451613 0.01747311827956989
0 0.6006804435483871 0.4895833333333333 0.009828629032258064 0.02486559139784946
0 0.6760332661290323 0.4650537634408602 0.012348790322580645 0.025537634408602152
0 0.7014868951612904 0.4173387096774194 0.010836693548387098 0.020833333333333332
0 0.6810735887096774 0.3299731182795699 0.01033266129032258 0.02486559139784946
0 0.7035030241935484 0.28024193548387094 0.01033266129032258 0.0228494623655914
0 0.6687247983870968 0.25285618279569894 0.01940524193548387 0.015793010752688172
0 0.7667590725806451 0.29418682795698925 0.010836693548387098 0.017137096774193547
0 0.7697832661290323 0.3282930107526882 0.020917338709677418 0.012768817204301076
0 0.8576108870967742 0.6021505376344086 0.013608870967741936 0.020161290322580645
0 0.8273689516129032 0.6883400537634409 0.024193548387096774 0.015793010752688172
0 0.8844506048387096 0.7180779569892473 0.014364919354838709 0.015456989247311828
0 0.5836693548387096 0.6868279569892473 0.011088709677419355 0.01881720430107527
0 0.6020665322580645 0.6612903225806451 0.01965725806451613 0.01478494623655914
0 0.6145413306451613 0.6759072580645161 0.020917338709677418 0.01646505376344086
0 0.6392389112903226 0.7016129032258065 0.011340725806451613 0.025537634408602152
2 0.20854334677419356 0.2325268817204301 0.038558467741935484 0.020161290322580645
2 0.2884324596774194 0.2476478494623656 0.033014112903225805 0.0396505376344086
2 0.26310483870967744 0.34408602150537637 0.040826612903225805 0.024193548387096774
2 0.3126260080645161 0.36760752688172044 0.028981854838709676 0.035618279569892476
2 0.25970262096774194 0.42523521505376344 0.04158266129032258 0.021169354838709676
2 0.21169354838709678 0.4581653225806452 0.03326612903225806 0.03393817204301075
2 0.28591229838709675 0.5270497311827957 0.03553427419354839 0.04200268817204301
2 0.34790826612903225 0.5294018817204301 0.015877016129032258 0.04939516129032258
2 0.4019657258064516 0.5018481182795699 0.03931451612903226 0.025201612903225805
2 0.4007056451612903 0.5856854838709677 0.040826612903225805 0.020161290322580645
2 0.4183467741935484 0.6458333333333334 0.038306451612903226 0.030913978494623656
2 0.4959677419354839 0.3736559139784946 0.02721774193548387 0.034274193548387094
2 0.5225554435483871 0.3165322580645161 0.034022177419354836 0.02889784946236559
2 0.40940020161290325 0.24966397849462366 0.03553427419354839 0.024193548387096774
2 0.49609375 0.23051075268817203 0.032006048387096774 0.026881720430107527
2 0.6047127016129032 0.2975470430107527 0.02746975806451613 0.03125
2 0.5262096774193549 0.540994623655914 0.03477822580645161 0.03225806451612903
2 0.608366935483871 0.4255712365591398 0.014616935483870967 0.044690860215053765
2 0.6454133064516129 0.4884072580645161 0.036290322580645164 0.0198252688172043
2 0.5641381048387096 0.41868279569892475 0.030493951612903226 0.033602150537634407
2 0.7057711693548387 0.5297379032258065 0.032006048387096774 0.032594086021505375
2 0.7465977822580645 0.4479166666666667 0.017389112903225805 0.04233870967741935
2 0.7280745967741935 0.4007056451612903 0.023689516129032258 0.044690860215053765
2 0.7513860887096774 0.37718413978494625 0.032006048387096774 0.025873655913978496
2 0.6892641129032258 0.375 0.025201612903225805 0.02956989247311828
2 0.6646925403225806 0.30544354838709675 0.029485887096774195 0.023521505376344086
2 0.8190524193548387 0.3467741935483871 0.030745967741935484 0.026881720430107527
2 0.7610887096774194 0.6678427419354839 0.03326612903225806 0.03461021505376344
1 0.3167842741935484 0.2950268817204301 0.023185483870967742 0.024193548387096774
1 0.2723034274193548 0.3756720430107527 0.023941532258064516 0.02889784946236559
1 0.43649193548387094 0.5031922043010753 0.024193548387096774 0.024529569892473117
1 0.4955897177419355 0.6031586021505376 0.020413306451612902 0.028225806451612902
1 0.2912046370967742 0.6683467741935484 0.015877016129032258 0.035618279569892476
1 0.44291834677419356 0.4274193548387097 0.0234375 0.025537634408602152
1 0.5148689516129032 0.4254032258064516 0.018145161290322582 0.027553763440860215
1 0.44997479838709675 0.3432459677419355 0.011844758064516129 0.03326612903225806
1 0.42288306451612906 0.3113239247311828 0.02217741935483871 0.026545698924731184
1 0.5404485887096774 0.3640793010752688 0.009828629032258064 0.03461021505376344
1 0.4490927419354839 0.2842741935483871 0.02066532258064516 0.031586021505376344
1 0.3834425403225806 0.24882392473118278 0.020917338709677418 0.03125
1 0.5885836693548387 0.26226478494623656 0.013356854838709678 0.03326612903225806
1 0.5432207661290323 0.48655913978494625 0.019909274193548387 0.025537634408602152
1 0.5997983870967742 0.5502352150537635 0.021169354838709676 0.02788978494623656
1 0.6496975806451613 0.5685483870967742 0.015625 0.033602150537634407
1 0.7064012096774194 0.6036626344086021 0.018145161290322582 0.032594086021505375
1 0.6830897177419355 0.6300403225806451 0.020413306451612902 0.026881720430107527
1 0.6654485887096774 0.4314516129032258 0.020917338709677418 0.02956989247311828
1 0.6571320564516129 0.37180779569892475 0.019909274193548387 0.029905913978494625
1 0.7007308467741935 0.24176747311827956 0.01688508064516129 0.025873655913978496
1 0.7172379032258065 0.3113239247311828 0.02066532258064516 0.025873655913978496
1 0.7347530241935484 0.32426075268817206 0.019909274193548387 0.028225806451612902
1 0.7961189516129032 0.4932795698924731 0.020161290322580645 0.03293010752688172
1 0.8040574596774194 0.5766129032258065 0.019909274193548387 0.03225806451612903
1 0.7874243951612904 0.6922043010752689 0.019909274193548387 0.03293010752688172
1 0.8467741935483871 0.7212701612903226 0.021169354838709676 0.032594086021505375
1 0.5979082661290323 0.712869623655914 0.015877016129032258 0.03528225806451613