0 0.9561052330569059 0.9160369437447523 0.02030311695739205 0.03190596137699412
0 0.9213611667143266 0.7027707808564232 0.021732913926222477 0.027707808564231738
0 0.8408635973691736 0.7321578505457599 0.02259079210752073 0.02938706968933669
0 0.4738347154704032 0.6576406381192276 0.019445238776093794 0.025608732157850547
0 0.5097226193880469 0.5806045340050378 0.01973119816985988 0.03610411418975651
0 0.5467543608807549 0.8864399664147775 0.017157563625965114 0.030646515533165407
0 0.6218187017443523 0.5638119227539883 0.016299685444666857 0.02518891687657431
0 0.6116671432656563 0.5041981528127624 0.018873319988561624 0.02686817800167926
0 0.5214469545324564 0.4433249370277078 0.01915927938232771 0.02434928631402183
0 0.811981698598799 0.5745172124265323 0.02087503574492422 0.0272879932829555
0 0.21289676865885043 0.26259445843828716 0.02030311695739205 0.02392947103274559
0 0.24292250500428939 0.39336691855583544 0.021446954532456392 0.02434928631402183
0 0.5307406348298541 0.16288832913518053 0.019445238776093794 0.02518891687657431
0 0.5098655990849299 0.3360621326616289 0.016013726050900772 0.025608732157850547
0 0.7074635401772948 0.38497061293031065 0.018873319988561624 0.02434928631402183
0 0.7798112668001144 0.29303106633081444 0.020017157563625966 0.030226700251889168
1 0.8211323991993137 0.7573467674223342 0.03402916785816414 0.037783375314861464
1 0.2503574492422076 0.713056255247691 0.03460108664569631 0.028967254408060455
1 0.25822133257077495 0.8280856423173804 0.0348870460394624 0.03232577665827036
1 0.26050900772090363 0.5747271200671704 0.03660280240205891 0.0218303946263644
1 0.4469545324563912 0.6633081444164568 0.023448670288818987 0.03946263643996641
1 0.5384615384615384 0.584592779177162 0.028595939376608523 0.02644836272040302
1 0.4472404918501573 0.4355583543240974 0.03374320846439806 0.025608732157850547
1 0.49299399485273093 0.43136020151133503 0.030883614526737203 0.031486146095717885
1 0.5759222190448956 0.4832073887489505 0.036030883614526735 0.023509655751469353
1 0.7098941950243065 0.4878253568429891 0.03517300543322848 0.0218303946263644
1 0.1392622247640835 0.2336272040302267 0.03374320846439806 0.028127623845507977
1 0.3615956534172148 0.10453400503778337 0.027166142407778097 0.023509655751469353
1 0.6263940520446096 0.24517212426532325 0.031169573920503287 0.02938706968933669
1 0.8467257649413783 0.6078925272879933 0.03831855876465542 0.02518891687657431
1 0.677866742922505 0.3963056255247691 0.030597655132971118 0.022670025188916875
1 0.8281384043465828 0.34697732997481107 0.020017157563625966 0.04659949622166247
2 0.22290534744066343 0.5988664987405542 0.03803259937088933 0.06423173803526448
2 0.2969688304260795 0.6769521410579346 0.05118673148412926 0.044920235096557515
2 0.4655418930511867 0.5812342569269522 0.04175007148984844 0.05583543240973971
2 0.5869316557048899 0.6836691855583543 0.036888761795824995 0.06926952141057935
2 0.5420360308836145 0.7646935348446684 0.0328853302830998 0.0675902602854744
2 0.1504146411209608 0.34718723761544923 0.042321990277380615 0.04617968094038623
2 0.15513297111810123 0.48740554156171284 0.028881898770374607 0.07052896725440806
2 0.05004289390906491 0.1431570109151973 0.04918501572776666 0.03946263643996641
2 0.5193022590792108 0.2117968094038623 0.050328853302830996 0.03232577665827036
2 0.7372033171289677 0.5566750629722922 0.03717472118959108 0.06465155331654072
2 0.936231055190163 0.37636439966414775 0.018301401201029455 0.07766582703610411
2 0.7053188447240492 0.2791771620486986 0.04661138118387189 0.051217464315701094
2 0.7640835001429797 0.1845088161209068 0.03317128967686588 0.06423173803526448
2 0.8351444094938518 0.11838790931989925 0.044895624821275376 0.061293031066330814
2 0.8192736631398342 0.25587741393786734 0.04117815270231627 0.04575986565910999
2 0.7981126680011439 0.46116708648194793 0.032027452101801544 0.07766582703610411