0 0.12552 0.23301 0.0527046 0.0443828
0 0.336338 0.240638 0.0513176 0.0423024
0 0.414008 0.260055 0.0499307 0.0513176
0 0.275312 0.403606 0.0520111 0.0409154
0 0.642857 0.432732 0.0457698 0.0409154
0 0.554785 0.619279 0.0540915 0.0402219
0 0.4681 0.658114 0.0499307 0.038835
1 0.160194 0.275312 0.0589459 0.0631068
1 0.461165 0.409847 0.0832178 0.0346741
1 0.364771 0.644938 0.0742025 0.0457698
1 0.331484 0.735784 0.0728155 0.0353675
1 0.714979 0.0852982 0.0644938 0.0638003
2 0.798197 0.143551 0.112344 0.0596394
2 0.650485 0.387656 0.114424 0.0554785
2 0.32663 0.362691 0.090846 0.108183
2 0.364078 0.532594 0.105409 0.0610264
2 0.389043 0.809986 0.110264 0.0499307
