0 0.582524 0.645631 0.0443828 0.0423024
0 0.669209 0.439667 0.0492372 0.0423024
0 0.377947 0.319001 0.0513176 0.0395284
0 0.39251 0.208738 0.0485437 0.0402219
0 0.415395 0.162968 0.0485437 0.0450763
1 0.228849 0.254508 0.0686546 0.0443828
1 0.585298 0.160888 0.0887656 0.0436893
1 0.484743 0.274619 0.0686546 0.0610264
1 0.442441 0.459778 0.074896 0.0589459
1 0.324549 0.534674 0.0665742 0.0589459
1 0.411928 0.570735 0.0693481 0.0332871
1 0.364771 0.383495 0.0624133 0.0644938
2 0.0686546 0.394591 0.10749 0.0742025
2 0.20111 0.129681 0.0721221 0.106103
2 0.652566 0.569348 0.0554785 0.113731
