0 0.113731 0.223994 0.054785 0.0443828
0 0.316227 0.234397 0.0575589 0.0416089
0 0.470874 0.245492 0.0499307 0.0409154
0 0.353675 0.395978 0.0527046 0.0443828
0 0.34466 0.568655 0.0485437 0.0395284
0 0.299584 0.604022 0.0520111 0.037448
0 0.542302 0.460472 0.0471567 0.0402219
1 0.654646 0.423024 0.0499307 0.0693481
1 0.524965 0.619279 0.0651872 0.0554785
1 0.468793 0.648405 0.0603329 0.0589459
1 0.340499 0.739251 0.0651872 0.0540915
2 0.412621 0.818308 0.0887656 0.0957004
2 0.454924 0.4043 0.117892 0.0658807
2 0.120666 0.285714 0.126907 0.0554785
2 0.795423 0.151872 0.113731 0.0423024
