0 0.386963 0.415395 0.0409154 0.037448
0 0.493759 0.338419 0.0367545 0.038835
0 0.446602 0.29889 0.0395284 0.036061
0 0.323856 0.134535 0.0409154 0.0346741
1 0.547157 0.672677 0.0582524 0.056172
1 0.592927 0.599168 0.0506241 0.0679612
1 0.108877 0.135229 0.0679612 0.037448
1 0.200416 0.244105 0.0707351 0.036061
1 0.31068 0.228849 0.0714286 0.0325936
2 0.315534 0.416089 0.0915395 0.0506241
2 0.351595 0.665742 0.0776699 0.0943135
2 0.276699 0.0957004 0.106796 0.0783634
2 0.391817 0.120666 0.0527046 0.110957
