0 0.378641 0.579057 0.0485437 0.0346741
0 0.112344 0.448682 0.0423024 0.0423024
0 0.0832178 0.339112 0.0423024 0.0381415
0 0.231623 0.330097 0.0395284 0.0416089
0 0.209431 0.227462 0.0395284 0.0423024
1 0.651872 0.552705 0.0755895 0.0471567
1 0.486824 0.271151 0.0638003 0.0520111
1 0.583911 0.182386 0.0617198 0.0707351
1 0.411234 0.149098 0.0776699 0.037448
1 0.18932 0.142857 0.0693481 0.0492372
2 0.330791 0.430652 0.113037 0.0450763
2 0.37656 0.339806 0.0721221 0.11165
2 0.613731 0.626907 0.0977809 0.0631068
