0 0.656033 0.490291 0.0499307 0.0346741
0 0.295423 0.429958 0.0423024 0.037448
0 0.214979 0.261442 0.0471567 0.0409154
0 0.357143 0.240638 0.0457698 0.0423024
1 0.380028 0.567268 0.0776699 0.036061
1 0.395284 0.296117 0.0554785 0.0679612
1 0.20111 0.178225 0.0658807 0.0540915
1 0.642164 0.598474 0.0901526 0.0644938
2 0.466713 0.524965 0.0797503 0.101248
2 0.373093 0.384189 0.108183 0.0651872
2 0.410541 0.137309 0.0631068 0.117892
2 0.583911 0.176838 0.100555 0.0901526
2 0.0714286 0.341193 0.0665742 0.114424
