0 0.225000 0.295139 0.021875 0.034722
0 0.230078 0.359722 0.014844 0.038889
0 0.208594 0.388889 0.026563 0.033333
0 0.261719 0.374306 0.015625 0.031944
0 0.269922 0.300000 0.010156 0.041667
0 0.328125 0.316667 0.020312 0.033333
0 0.393750 0.237500 0.009375 0.025000
0 0.329688 0.431250 0.014062 0.029167
0 0.222656 0.538194 0.023438 0.034722
0 0.308203 0.541667 0.019531 0.019444
0 0.325000 0.584722 0.017188 0.030556
0 0.275781 0.602083 0.017188 0.018056
0 0.307422 0.670833 0.014844 0.041667
0 0.431250 0.361806 0.014062 0.029167
0 0.453125 0.286806 0.018750 0.029167
0 0.442187 0.454167 0.020312 0.030556
0 0.455469 0.527778 0.015625 0.025000
0 0.417188 0.591667 0.014062 0.027778
0 0.442187 0.646528 0.015625 0.031944
0 0.448438 0.702083 0.023438 0.023611
0 0.509375 0.565278 0.025000 0.033333
0 0.526172 0.381944 0.017969 0.038889
0 0.537500 0.265972 0.018750 0.034722
0 0.594141 0.356250 0.014844 0.034722
0 0.607813 0.308333 0.015625 0.027778
0 0.621875 0.524306 0.021875 0.029167
0 0.645703 0.660417 0.022656 0.029167
0 0.619922 0.708333 0.016406 0.030556
0 0.647656 0.747222 0.014062 0.033333
0 0.705859 0.695833 0.024219 0.033333
0 0.748828 0.745833 0.022656 0.030556
0 0.751562 0.652778 0.017188 0.027778
0 0.707812 0.563889 0.018750 0.030556
0 0.683984 0.400694 0.019531 0.031944
0 0.736328 0.399306 0.014844 0.037500
0 0.717969 0.278472 0.015625 0.037500
0 0.807422 0.312500 0.016406 0.036111
0 0.802344 0.367361 0.015625 0.026389
