0 0.114424 0.232316 0.0527046 0.0423024
0 0.319001 0.241331 0.0485437 0.0409154
0 0.377947 0.552011 0.0457698 0.0423024
0 0.539528 0.629681 0.0423024 0.0402219
0 0.359917 0.745492 0.0499307 0.0395284
0 0.875867 0.100555 0.0457698 0.0478502
0 0.727462 0.122053 0.0450763 0.037448
1 0.158114 0.276699 0.0707351 0.0554785
1 0.462552 0.405687 0.0596394 0.0631068
1 0.300971 0.586685 0.0755895 0.0485437
1 0.640777 0.405687 0.0617198 0.0596394
1 0.391817 0.84258 0.073509 0.0346741
1 0.799584 0.126214 0.0603329 0.0679612
2 0.321082 0.36061 0.113037 0.0839112
2 0.441054 0.239251 0.114424 0.0402219
