0 0.622746 0.606796 0.0423024 0.0381415
0 0.684466 0.565881 0.0471567 0.0381415
0 0.363384 0.549237 0.0471567 0.0395284
0 0.378641 0.375867 0.0457698 0.0353675
0 0.188627 0.366158 0.0423024 0.0450763
0 0.0915395 0.441748 0.037448 0.0416089
1 0.0984743 0.320388 0.0617198 0.0638003
1 0.348821 0.45423 0.0700416 0.0450763
1 0.393897 0.327323 0.0693481 0.0353675
1 0.409154 0.142857 0.0665742 0.0520111
2 0.210125 0.234397 0.103329 0.0818308
2 0.384189 0.209431 0.120666 0.0471567
2 0.600555 0.13939 0.0554785 0.119279
