0 0.074896 0.270458 0.054785 0.0395284
0 0.129681 0.21706 0.0513176 0.0423024
0 0.39251 0.32663 0.0478502 0.0416089
0 0.287101 0.431345 0.0520111 0.037448
0 0.346741 0.746186 0.0506241 0.0346741
1 0.263523 0.321082 0.0846047 0.0617198
1 0.483356 0.401526 0.0423024 0.0762829
1 0.65742 0.389736 0.0665742 0.0568655
1 0.548544 0.62552 0.0714286 0.0443828
1 0.713592 0.10957 0.0686546 0.0520111
1 0.79473 0.142857 0.0658807 0.0513176
2 0.348128 0.532594 0.0714286 0.113731
2 0.345354 0.37448 0.0894591 0.0617198
2 0.330791 0.211512 0.0957004 0.102635
2 0.843273 0.0610264 0.0866852 0.104022
