0 0.368239 0.564494 0.0423024 0.0346741
0 0.458391 0.52982 0.0423024 0.036061
0 0.39043 0.29681 0.0423024 0.038835
0 0.493759 0.263523 0.0423024 0.0409154
0 0.592927 0.156727 0.0464632 0.0409154
0 0.684466 0.172677 0.0443828 0.0423024
0 0.465326 0.134535 0.0423024 0.036061
1 0.198336 0.191401 0.0728155 0.0402219
1 0.184466 0.300971 0.0582524 0.0554785
1 0.261442 0.28294 0.0450763 0.0728155
1 0.656033 0.561026 0.0755895 0.0450763
1 0.405687 0.154646 0.0610264 0.0624133
2 0.31484 0.42233 0.0852982 0.101942
2 0.39251 0.368239 0.092233 0.090846
2 0.101942 0.421637 0.0957004 0.0776699
