0 0.212109 0.260417 0.021094 0.029167
0 0.214062 0.322222 0.015625 0.047222
0 0.191406 0.354861 0.023438 0.034722
0 0.248047 0.332639 0.017969 0.034722
0 0.255859 0.260417 0.014844 0.040278
0 0.311719 0.277778 0.018750 0.027778
0 0.378125 0.197222 0.010937 0.033333
0 0.317969 0.381250 0.018750 0.037500
0 0.208594 0.497917 0.023438 0.037500
0 0.294531 0.494444 0.020312 0.022222
0 0.311719 0.538889 0.018750 0.027778
0 0.262500 0.561806 0.015625 0.031944
0 0.296094 0.625694 0.015625 0.037500
0 0.405859 0.538889 0.014844 0.033333
0 0.435156 0.595833 0.012500 0.036111
0 0.439844 0.649306 0.023438 0.026389
0 0.445313 0.475694 0.014062 0.029167
0 0.430859 0.397222 0.019531 0.036111
0 0.417969 0.311806 0.018750 0.026389
0 0.441016 0.240278 0.011719 0.030556
0 0.521875 0.218056 0.015625 0.033333
0 0.515234 0.334028 0.016406 0.034722
0 0.500000 0.509722 0.028125 0.033333
0 0.596875 0.256250 0.015625 0.031944
0 0.582031 0.300694 0.018750 0.031944
0 0.614844 0.462500 0.020312 0.027778
0 0.643359 0.602083 0.022656 0.034722
0 0.619922 0.651389 0.017969 0.022222
0 0.649219 0.690278 0.014062 0.030556
0 0.673828 0.339583 0.019531 0.029167
0 0.704687 0.224306 0.017188 0.040278
0 0.726563 0.333333 0.015625 0.036111
0 0.794531 0.249306 0.015625 0.037500
0 0.791406 0.300694 0.018750 0.040278
0 0.704297 0.497222 0.016406 0.025000
0 0.753516 0.581250 0.022656 0.040278
0 0.757422 0.684028 0.027344 0.037500
0 0.708203 0.636806 0.025781 0.037500
