0 0.473648 0.651872 0.0485437 0.038835
0 0.48405 0.393204 0.0485437 0.037448
0 0.45423 0.431345 0.0471567 0.0402219
1 0.320388 0.391123 0.0852982 0.0353675
1 0.338419 0.726075 0.0714286 0.038835
2 0.140083 0.226075 0.0776699 0.105409
2 0.330791 0.232316 0.117198 0.0471567
2 0.797503 0.137309 0.114424 0.0693481
2 0.656033 0.425797 0.112344 0.0533981
2 0.505548 0.524965 0.122053 0.0568655
2 0.531207 0.594313 0.110957 0.0790569
2 0.34466 0.569348 0.0832178 0.104022
2 0.369626 0.79681 0.117198 0.0450763
