0 0.14240777809551045 0.22753988245172124 0.023448670288818987 0.028547439126784216
0 0.2050328853302831 0.2678421494542401 0.018873319988561624 0.02518891687657431
0 0.28510151558478697 0.26511335012594456 0.017157563625965114 0.02392947103274559
0 0.2645124392336288 0.35537363560033586 0.020017157563625966 0.02225020990764064
0 0.1935945095796397 0.41855583543240976 0.018873319988561624 0.02434928631402183
0 0.43380040034315126 0.46977329974811083 0.015441807263368601 0.02518891687657431
0 0.5510437517872462 0.5955079764903443 0.01658564483843294 0.023089840470193114
0 0.5883614526737203 0.716414777497901 0.015727766657134688 0.0272879932829555
0 0.5291678581641407 0.8650293870696893 0.02030311695739205 0.028127623845507977
0 0.5707749499571061 0.8711167086481948 0.017729482413497283 0.02686817800167926
0 0.6336860165856448 0.892527287993283 0.017729482413497283 0.02434928631402183
0 0.25250214469545323 0.8073047858942065 0.019445238776093794 0.027707808564231738
0 0.4130683442951101 0.3408900083963056 0.015155847869602517 0.022670025188916875
0 0.8338575922219045 0.7525188916876574 0.019445238776093794 0.02392947103274559
0 0.7961109522447812 0.3440386230058774 0.019445238776093794 0.025608732157850547
0 0.8297111810122962 0.3404701931150294 0.01915927938232771 0.028547439126784216
0 0.2943951958821847 0.695424013434089 0.018015441807263367 0.025608732157850547
0 0.483271375464684 0.4561293031066331 0.018873319988561624 0.02225020990764064
0 0.2456391192450672 0.5795549958018472 0.020017157563625966 0.0272879932829555
0 0.6998856162424936 0.25272879932829556 0.018015441807263367 0.028547439126784216
2 0.22705175865027166 0.3669185558354324 0.0348870460394624 0.06213266162888329
2 0.3232770946525593 0.07808564231738035 0.04546754360880755 0.03946263643996641
2 0.4185015727766657 0.20507976490344249 0.03631684300829282 0.031486146095717885
2 0.5173005433228481 0.34005037783375314 0.04861309694023449 0.022670025188916875
2 0.516585644838433 0.43807724601175485 0.04317986845867887 0.039882451721242655
2 0.6263940520446096 0.5591939546599496 0.027166142407778097 0.0688497061293031
2 0.8244209322276237 0.5942485306465155 0.03660280240205891 0.06087321578505458
2 0.8365742064626823 0.11712846347607053 0.048327137546468404 0.047019311502938706
2 0.916070917929654 0.12846347607052896 0.04546754360880755 0.04450041981528128
2 0.8808979124964255 0.9063811922753988 0.04432370603374321 0.05037783375314862
2 0.5411781527023163 0.7222921914357683 0.03174149270803546 0.05751469353484467
2 0.4628252788104089 0.6261544920235097 0.0386045181584215 0.05247691015952981
2 0.24806977409207892 0.7155751469353484 0.04375178724621104 0.03904282115869018
2 0.2157563625965113 0.5961376994122586 0.025450386045181583 0.07220822837951302
2 0.15484701172433515 0.49181360201511337 0.048327137546468404 0.02644836272040302
2 0.13382899628252787 0.3431989924433249 0.04346582785244495 0.05499580184718724
2 0.321990277380612 0.6599496221662469 0.03831855876465542 0.056255247691015954
2 0.5919359450957964 0.27225020990764065 0.046325421790105806 0.03400503778337532
2 0.6192450672004576 0.2073887489504618 0.048327137546468404 0.036943744752308987
2 0.6792965398913354 0.38623005877413935 0.04775521875893623 0.02686817800167926
1 0.06834429511009436 0.163727959697733 0.025164426651415498 0.042821158690176324
1 0.15770660566199599 0.3713266162888329 0.028881898770374607 0.03232577665827036
1 0.25421790105804976 0.8753148614609572 0.029167858164140692 0.033585222502099076
1 0.5557620817843866 0.9055415617128464 0.03174149270803546 0.02434928631402183
1 0.8671718615956534 0.8620906801007556 0.03174149270803546 0.021410579345088162
1 0.9470975121532742 0.8576826196473551 0.03946239633971976 0.02434928631402183
1 0.7303402916785816 0.5428211586901763 0.02630826422647984 0.03946263643996641
1 0.7858164140692022 0.43073047858942065 0.030883614526737203 0.02518891687657431
1 0.8247068916213898 0.5010495382031906 0.03431512725193023 0.04240134340890008
1 0.6461252502144695 0.4968513853904282 0.024878467257649414 0.03400503778337532
1 0.5843580211609951 0.3434089000839631 0.03231341149556763 0.02434928631402183
1 0.7219044895624821 0.3054156171284635 0.03231341149556763 0.031486146095717885
1 0.8628824706891621 0.19920235096557515 0.02087503574492422 0.04827875734676742
1 0.5386045181584215 0.7625944584382871 0.03174149270803546 0.021410579345088162
1 0.40448956248212753 0.30289672544080604 0.027166142407778097 0.031486146095717885
1 0.4997140406062339 0.21998320738874896 0.028309979982842435 0.0327455919395466
1 0.3207034601086646 0.16561712846347607 0.026594223620245924 0.03736356003358522
1 0.3553045467543609 0.11544920235096558 0.03002573634543895 0.030226700251889168
1 0.4721189591078067 0.563392107472712 0.017157563625965114 0.042821158690176324
1 0.5351730054332284 0.5673803526448362 0.01858736059479554 0.036523929471032744