0 0.302358 0.202497 0.0540915 0.0464632
0 0.323162 0.715673 0.0527046 0.036061
0 0.473648 0.653953 0.0457698 0.0346741
0 0.364771 0.567268 0.0554785 0.0409154
0 0.302358 0.42233 0.0520111 0.0353675
0 0.270458 0.334951 0.0443828 0.038835
1 0.603329 0.556865 0.0797503 0.0339806
1 0.498613 0.411928 0.0846047 0.0443828
1 0.283634 0.533981 0.0596394 0.0679612
2 0.378641 0.762136 0.0658807 0.124133
2 0.538141 0.629681 0.0742025 0.102635
2 0.132455 0.237864 0.0728155 0.115811
2 0.348821 0.348128 0.102635 0.0707351
2 0.643551 0.391817 0.0506241 0.126214
2 0.707351 0.4043 0.0582524 0.117198
2 0.846741 0.162968 0.0991678 0.0762829
