0 0.248828 0.328472 0.016406 0.026389
0 0.287109 0.334028 0.011719 0.029167
0 0.276953 0.400694 0.016406 0.026389
0 0.248047 0.388889 0.011719 0.027778
0 0.225391 0.415972 0.021094 0.029167
0 0.340234 0.351389 0.016406 0.027778
0 0.407422 0.278472 0.010156 0.026389
0 0.340234 0.456250 0.017969 0.026389
0 0.234766 0.556250 0.021094 0.031944
0 0.314063 0.561111 0.017188 0.022222
0 0.328516 0.604167 0.016406 0.027778
0 0.282031 0.615278 0.015625 0.022222
0 0.307422 0.686111 0.016406 0.033333
0 0.415625 0.608333 0.012500 0.022222
0 0.438281 0.667361 0.015625 0.026389
0 0.441016 0.715278 0.017969 0.027778
0 0.455078 0.550694 0.013281 0.029167
0 0.447656 0.479861 0.014062 0.023611
0 0.439453 0.394444 0.013281 0.025000
0 0.463281 0.328472 0.014062 0.031944
0 0.538281 0.316667 0.014062 0.030556
0 0.525781 0.423611 0.015625 0.033333
0 0.503906 0.588194 0.026563 0.020833
0 0.612109 0.551389 0.017969 0.027778
0 0.591797 0.393056 0.017969 0.036111
0 0.605859 0.347917 0.014844 0.029167
0 0.713281 0.329861 0.017188 0.034722
0 0.728906 0.438889 0.017188 0.044444
0 0.676953 0.440278 0.017969 0.019444
0 0.696875 0.593750 0.015625 0.026389
0 0.794141 0.410417 0.016406 0.026389
0 0.799609 0.362500 0.016406 0.033333
0 0.632813 0.687500 0.015625 0.025000
0 0.611719 0.734722 0.017188 0.025000
0 0.635156 0.774306 0.010937 0.026389
0 0.692187 0.725694 0.018750 0.026389
0 0.739062 0.680556 0.017188 0.030556
0 0.735547 0.776389 0.019531 0.027778
