1 0.384189 0.243412 0.0610264 0.0651872
1 0.726768 0.161581 0.0658807 0.0624133
1 0.807906 0.10957 0.0575589 0.0679612
1 0.500694 0.409847 0.074896 0.0423024
1 0.416782 0.51595 0.0797503 0.036061
1 0.486824 0.65742 0.0554785 0.0783634
0 0.0728155 0.275312 0.0520111 0.0402219
0 0.129681 0.242025 0.0610264 0.0423024
0 0.285021 0.230236 0.0540915 0.0492372
0 0.347434 0.379334 0.0416089 0.0402219
2 0.292649 0.380028 0.0596394 0.115811
2 0.389736 0.39251 0.0520111 0.119279
2 0.619972 0.447989 0.0568655 0.131761
2 0.650485 0.389043 0.105409 0.0714286
2 0.855062 0.208738 0.0984743 0.0852982
2 0.341193 0.757282 0.056172 0.126214
2 0.402219 0.827323 0.133842 0.0554785
2 0.542302 0.604716 0.0852982 0.0977809
2 0.32663 0.604716 0.092233 0.0894591
