2 0.837725 0.120666 0.0998613 0.0506241
2 0.542302 0.634535 0.127601 0.0520111
2 0.336338 0.570735 0.131068 0.0436893
2 0.349515 0.769071 0.0700416 0.117892
1 0.314147 0.223301 0.0790569 0.0464632
1 0.457698 0.414008 0.0873786 0.038835
1 0.660194 0.398752 0.0492372 0.0790569
1 0.350902 0.63939 0.0776699 0.0471567
1 0.435506 0.669209 0.0852982 0.036061
0 0.415395 0.820388 0.0423024 0.0423024
0 0.341886 0.400832 0.054785 0.038835
0 0.12552 0.231623 0.0533981 0.0457698
0 0.61165 0.446602 0.0506241 0.0353675
0 0.790569 0.194175 0.0478502 0.0436893
