2 0.148405 0.101248 0.113037 0.0582524
2 0.144244 0.226768 0.117892 0.0499307
2 0.349515 0.370319 0.117892 0.0693481
2 0.449376 0.28086 0.0665742 0.110957
2 0.518031 0.380721 0.0527046 0.117892
2 0.563107 0.634535 0.0631068 0.113731
1 0.242025 0.291262 0.074896 0.038835
1 0.302358 0.0998613 0.0776699 0.0395284
1 0.407073 0.152566 0.0707351 0.036061
0 0.34258 0.418863 0.0409154 0.0409154
0 0.352982 0.138696 0.0416089 0.0402219
0 0.330791 0.584605 0.0409154 0.0423024
0 0.382802 0.628294 0.0464632 0.0409154
