1 0.05018587360594796 0.16393786733837112 0.03460108664569631 0.035684298908480266
1 0.14355161567057478 0.14966414777497902 0.03259937088933371 0.035684298908480266
1 0.15456105233056905 0.22921914357682618 0.03002573634543895 0.038623005877413935
1 0.22233342865313124 0.3818219983207389 0.03174149270803546 0.02980688497061293
1 0.29010580497569344 0.6484047019311503 0.027166142407778097 0.031486146095717885
1 0.34272233342865316 0.6740134340890008 0.0328853302830998 0.023089840470193114
1 0.265227337718044 0.8106633081444165 0.028309979982842435 0.033585222502099076
1 0.5074349442379182 0.34991603694374473 0.0328853302830998 0.019731318219983206
1 0.5283099799828425 0.172544080604534 0.024878467257649414 0.042821158690176324
1 0.4259365170145839 0.48446683459277917 0.031169573920503287 0.020151133501259445
1 0.4701172433514441 0.6597397145256088 0.031455533314269375 0.021410579345088162
1 0.5124392336288247 0.679471032745592 0.02287675150128682 0.036523929471032744
1 0.5686302545038604 0.603904282115869 0.03002573634543895 0.021410579345088162
1 0.6364026308264227 0.882031905961377 0.03631684300829282 0.02686817800167926
1 0.7635115813554475 0.5293870696893367 0.02630826422647984 0.03526448362720403
1 0.835573348584501 0.3719563392107473 0.028595939376608523 0.0218303946263644
1 0.8179868458678867 0.2678421494542401 0.0386045181584215 0.0218303946263644
1 0.8271375464684015 0.13706968933669186 0.016299685444666857 0.04575986565910999
1 0.6213897626537032 0.5447103274559194 0.022304832713754646 0.03400503778337532
1 0.6832999714040606 0.37363560033585225 0.03231341149556763 0.020990764063811923
0 0.15284529596797256 0.3448782535684299 0.02087503574492422 0.0272879932829555
0 0.23248498713182728 0.5822837951301427 0.020017157563625966 0.026028547439126783
0 0.21060909350872176 0.6681360201511335 0.01915927938232771 0.02225020990764064
0 0.3032599370889334 0.7004617968094039 0.0174435230197312 0.02644836272040302
0 0.25450386045181583 0.8366918555835432 0.018873319988561624 0.02434928631402183
0 0.4982842436374035 0.2225020990764064 0.01687160423219903 0.02518891687657431
0 0.41893051186731484 0.33690176322418136 0.016013726050900772 0.02392947103274559
0 0.5882184729768373 0.30289672544080604 0.014297969688304261 0.02644836272040302
0 0.4506720045753503 0.6360201511335013 0.015441807263368601 0.02434928631402183
0 0.5413211323991993 0.6018052057094878 0.017729482413497283 0.02476910159529807
0 0.5446096654275093 0.7604953820319059 0.018015441807263367 0.0272879932829555
0 0.5493279954246497 0.9393366918555835 0.016013726050900772 0.030646515533165407
0 0.624249356591364 0.9254827875734677 0.021160995138690308 0.02644836272040302
0 0.8472976837289105 0.874895046179681 0.021732913926222477 0.027707808564231738
0 0.8412925364598227 0.727120067170445 0.018873319988561624 0.027707808564231738
0 0.9144981412639405 0.7157850545759865 0.019445238776093794 0.026028547439126783
0 0.8244209322276237 0.5885810243492863 0.04918501572776666 0.038623005877413935
0 0.7266228195596225 0.5249790092359362 0.031455533314269375 0.06675062972292191
0 0.7362024592507864 0.5902602854743912 0.0174435230197312 0.02518891687657431
0 0.8430082928224192 0.4722921914357683 0.020589076351158135 0.02434928631402183
0 0.8610237346296826 0.09550797649034425 0.015441807263368601 0.02644836272040302
2 0.14755504718329998 0.39231738035264485 0.04518158421504146 0.03316540722082284
2 0.1559908492993995 0.4819479429051218 0.037460680583357164 0.056255247691015954
2 0.24621103803259936 0.7153652392947103 0.04403774663997712 0.042821158690176324
2 0.2768086931655705 0.2682619647355164 0.03317128967686588 0.06801007556675064
2 0.3368601658564484 0.109151973131822 0.03717472118959108 0.0436607892527288
2 0.6015155847869602 0.25146935348446686 0.0386045181584215 0.055415617128463476
2 0.4448098370031456 0.5940386230058774 0.04661138118387189 0.033585222502099076
2 0.5190162996854447 0.5726280436607892 0.047469259365170144 0.03526448362720403
2 0.5919359450957964 0.7013014273719563 0.03660280240205891 0.05751469353484467
2 0.5391764369459536 0.8828715365239295 0.0328853302830998 0.05961376994122586
2 0.9408064054904204 0.8465575146935348 0.050900772090363165 0.036523929471032744
2 0.8139834143551615 0.7707808564231738 0.05061481269659708 0.052057094878253565
2 0.7873891907349156 0.44920235096557515 0.040892193308550186 0.047019311502938706
2 0.7098941950243065 0.24874055415617127 0.042036030883614524 0.04743912678421495
2 0.7593651701458393 0.14588581024349287 0.04375178724621104 0.04827875734676742
2 0.8947669430940807 0.13811922753988246 0.04518158421504146 0.028547439126784216
2 0.9316557048899057 0.3669185558354324 0.02745210180154418 0.05961376994122586
2 0.6827280526165285 0.4338790931989924 0.048899056334000573 0.028967254408060455