0 0.4681 0.23301 0.0485437 0.0471567
0 0.353675 0.371012 0.0506241 0.0457698
1 0.811373 0.134535 0.0769764 0.0554785
1 0.522885 0.429958 0.0714286 0.0353675
1 0.383495 0.438974 0.0852982 0.0409154
1 0.28086 0.40846 0.0866852 0.0457698
1 0.540222 0.608877 0.0957004 0.0332871
2 0.271151 0.595007 0.0825243 0.10957
2 0.321082 0.542302 0.0866852 0.103329
2 0.451456 0.375173 0.0506241 0.128294
2 0.650485 0.402913 0.127601 0.056172
2 0.439667 0.776006 0.0832178 0.102635
2 0.335645 0.76699 0.0638003 0.117892
2 0.120666 0.242718 0.100555 0.0970874
