0 0.385576 0.106796 0.0423024 0.0457698
0 0.246186 0.305825 0.0485437 0.0471567
0 0.327323 0.523578 0.0506241 0.0450763
0 0.441748 0.487517 0.0478502 0.0423024
1 0.0721221 0.291956 0.0852982 0.0478502
1 0.670596 0.576283 0.0624133 0.0679612
1 0.42233 0.573509 0.0769764 0.0423024
1 0.210125 0.373786 0.0603329 0.0658807
1 0.361304 0.383495 0.0575589 0.0617198
1 0.382108 0.222607 0.0700416 0.0589459
1 0.192788 0.252427 0.056172 0.0700416
2 0.114424 0.417476 0.0471567 0.121359
2 0.230929 0.152566 0.12552 0.0499307
2 0.619279 0.196949 0.122053 0.0527046
2 0.435506 0.161581 0.137309 0.0568655
2 0.47018 0.289875 0.0617198 0.113731
