0 0.07892479267943953 0.15994962216624686 0.017729482413497283 0.02686817800167926
0 0.1791535601944524 0.1570109151973132 0.01687160423219903 0.030226700251889168
0 0.1335430368887618 0.2225020990764064 0.018873319988561624 0.027707808564231738
0 0.16185301687160422 0.26154492023509657 0.016013726050900772 0.027707808564231738
0 0.1684300829282242 0.24412258606213266 0.017157563625965114 0.025608732157850547
0 0.22547898198455818 0.39315701091519734 0.0174435230197312 0.0272879932829555
0 0.2436374034887046 0.3692275398824517 0.017729482413497283 0.028127623845507977
0 0.26494137832427794 0.35747271200671704 0.016299685444666857 0.0272879932829555
0 0.2369173577352016 0.5881612090680101 0.0174435230197312 0.0218303946263644
0 0.5957963969116385 0.7682619647355163 0.01858736059479554 0.02518891687657431
0 0.5391764369459536 0.8994542401343409 0.01973119816985988 0.02225020990764064
0 0.8132685158707463 0.5701091519731318 0.018301401201029455 0.023509655751469353
0 0.8335716328281384 0.45004198152812763 0.021160995138690308 0.02938706968933669
0 0.7572204746925937 0.3906381192275399 0.02287675150128682 0.030646515533165407
0 0.8378610237346297 0.376784214945424 0.021732913926222477 0.0272879932829555
0 0.8594509579639691 0.3440386230058774 0.01973119816985988 0.025608732157850547
0 0.8174149270803546 0.2783375314861461 0.01973119816985988 0.02938706968933669
0 0.7586502716614241 0.2502099076406381 0.018873319988561624 0.027707808564231738
0 0.761652845295968 0.20612930310663308 0.01973119816985988 0.02938706968933669
0 0.882613668859022 0.17380352644836272 0.02030311695739205 0.027707808564231738
0 0.6135258793251358 0.5306465155331654 0.01858736059479554 0.023509655751469353
0 0.6289676865885044 0.558144416456759 0.0174435230197312 0.02392947103274559
1 0.17100371747211895 0.36523929471032746 0.020589076351158135 0.02686817800167926
1 0.22833857592221904 0.3524349286314022 0.0174435230197312 0.02644836272040302
1 0.533457249070632 0.7550377833753149 0.01687160423219903 0.021410579345088162
1 0.5493279954246497 0.862510495382032 0.019445238776093794 0.02392947103274559
1 0.6402630826422648 0.9042821158690176 0.021732913926222477 0.027707808564231738
1 0.6522733771804404 0.8667086481947943 0.019445238776093794 0.023089840470193114
1 0.849013440091507 0.8700671704450041 0.02459250786388333 0.02644836272040302
1 0.8603088361452673 0.19479429051217464 0.02259079210752073 0.030226700251889168
1 0.8244209322276237 0.14567590260285473 0.02459250786388333 0.03442485306465155
2 0.12610809265084358 0.16099916036943746 0.021732913926222477 0.03232577665827036
2 0.15170145839290822 0.1580604534005038 0.02087503574492422 0.035684298908480266
2 0.20488990563340007 0.2586062132661629 0.02030311695739205 0.0327455919395466
2 0.2107520732056048 0.36397984886649876 0.020017157563625966 0.030226700251889168
2 0.5573348584501001 0.7691015952980689 0.018301401201029455 0.027707808564231738
2 0.8683156991707177 0.9002938706968934 0.024878467257649414 0.025608732157850547
2 0.8693165570488991 0.8394206549118388 0.02287675150128682 0.025608732157850547