0 0.287500 0.377083 0.014062 0.031944
0 0.343359 0.346528 0.014844 0.026389
0 0.298438 0.447917 0.018750 0.023611
0 0.316406 0.583333 0.018750 0.025000
0 0.353125 0.665972 0.017188 0.029167
0 0.408594 0.263194 0.018750 0.031944
0 0.416406 0.454861 0.015625 0.029167
0 0.421094 0.513194 0.015625 0.023611
0 0.415234 0.591667 0.013281 0.022222
0 0.423828 0.660417 0.014844 0.029167
0 0.455078 0.522917 0.017969 0.031944
0 0.435937 0.331944 0.017188 0.036111
0 0.476563 0.289583 0.017188 0.031944
0 0.482031 0.422222 0.014062 0.030556
0 0.509766 0.318750 0.019531 0.031944
0 0.530078 0.371528 0.014844 0.026389
0 0.575781 0.329861 0.017188 0.026389
0 0.560938 0.432639 0.012500 0.031944
0 0.548437 0.527778 0.015625 0.027778
0 0.551562 0.663194 0.021875 0.026389
0 0.596875 0.631250 0.018750 0.029167
0 0.638281 0.736111 0.017188 0.030556
0 0.667969 0.568056 0.012500 0.025000
0 0.625781 0.369444 0.020312 0.025000
0 0.655859 0.304861 0.022656 0.029167
0 0.727344 0.202778 0.018750 0.033333
0 0.702734 0.352083 0.013281 0.031944
0 0.754687 0.281250 0.014062 0.034722
0 0.773047 0.333333 0.021094 0.025000
0 0.750391 0.373611 0.022656 0.025000
0 0.736719 0.432639 0.023438 0.020833
0 0.702344 0.448611 0.020312 0.016667
0 0.739844 0.538889 0.020312 0.022222
0 0.798828 0.395833 0.016406 0.027778
0 0.825000 0.286111 0.017188 0.033333
0 0.832422 0.552778 0.025781 0.022222
0 0.778906 0.660417 0.015625 0.031944
0 0.838281 0.704167 0.025000 0.030556
