2 0.135229 0.223301 0.0852982 0.115811
2 0.278779 0.211512 0.0540915 0.124133
2 0.351595 0.778779 0.0589459 0.119279
2 0.335645 0.384882 0.090846 0.108183
1 0.397365 0.588766 0.0603329 0.0582524
1 0.542302 0.624827 0.073509 0.0402219
1 0.600555 0.565881 0.0707351 0.0436893
1 0.615118 0.480583 0.0742025 0.0332871
1 0.490291 0.411234 0.0832178 0.0436893
1 0.499307 0.228849 0.0755895 0.0471567
1 0.728155 0.104716 0.0693481 0.0457698
0 0.348128 0.241331 0.0520111 0.0499307
0 0.43828 0.25104 0.0471567 0.0485437
0 0.807212 0.140777 0.0457698 0.0395284
0 0.461165 0.341886 0.0457698 0.036061
0 0.287795 0.362691 0.0450763 0.0409154
0 0.665049 0.391817 0.0471567 0.0450763
0 0.372399 0.520111 0.0554785 0.0527046
0 0.321082 0.59362 0.0492372 0.0423024
