2 0.375173 0.131761 0.10957 0.0679612
2 0.635922 0.253121 0.10749 0.0672677
2 0.348128 0.551318 0.108877 0.0742025
2 0.224688 0.518031 0.0520111 0.117198
2 0.138696 0.395978 0.101248 0.054785
1 0.176144 0.17337 0.0707351 0.0436893
1 0.159501 0.633842 0.0686546 0.0568655
1 0.537448 0.393897 0.0513176 0.0631068
1 0.598474 0.501387 0.0582524 0.0568655
1 0.63939 0.152566 0.0679612 0.0478502
0 0.540915 0.208044 0.0423024 0.0416089
0 0.475728 0.314147 0.0423024 0.0395284
0 0.380721 0.387656 0.0423024 0.0353675
0 0.323162 0.411234 0.037448 0.037448
0 0.413315 0.560333 0.0416089 0.037448
