1 0.06834429511009436 0.14462636439966414 0.02459250786388333 0.04408060453400504
1 0.14812696597083214 0.3536943744752309 0.0348870460394624 0.028127623845507977
1 0.19473834715470403 0.40134340890008396 0.03431512725193023 0.020990764063811923
1 0.5092936802973977 0.34529806884970615 0.02973977695167286 0.02392947103274559
1 0.6023734629682586 0.3087741393786734 0.015727766657134688 0.04575986565910999
1 0.44938518730340293 0.43807724601175485 0.026594223620245924 0.021410579345088162
1 0.22848155561910208 0.5900503778337531 0.031455533314269375 0.02476910159529807
1 0.24849871318272806 0.8990344248530646 0.031455533314269375 0.02476910159529807
1 0.47426365456105235 0.6796809403862301 0.02259079210752073 0.037783375314861464
1 0.5923648841864455 0.7770780856423174 0.02030311695739205 0.03526448362720403
1 0.5467543608807549 0.8713266162888329 0.030311695739205034 0.02225020990764064
1 0.5590506148126966 0.5923593618807724 0.029167858164140692 0.020151133501259445
1 0.6232484987131828 0.5403022670025189 0.029453817557906777 0.0218303946263644
1 0.6825850729196454 0.40092359361880775 0.02802402058907635 0.02686817800167926
1 0.6921647126108093 0.19836272040302266 0.03002573634543895 0.02476910159529807
1 0.8024020589076352 0.36838790931989923 0.032027452101801544 0.02225020990764064
1 0.8347154704032027 0.3515952980688497 0.0348870460394624 0.021410579345088162
1 0.9333714612525021 0.864399664147775 0.02459250786388333 0.05037783375314862
1 0.8312839576780098 0.7395046179680941 0.029167858164140692 0.028127623845507977
0 0.14712610809265084 0.14147774979009237 0.01973119816985988 0.027707808564231738
0 0.15313125536173863 0.24244332493702772 0.02030311695739205 0.0272879932829555
0 0.2087503574492422 0.2619647355163728 0.018873319988561624 0.026028547439126783
0 0.17743780383185587 0.34550797649034426 0.01973119816985988 0.027707808564231738
0 0.47869602516442666 0.3709068010075567 0.015441807263368601 0.023089840470193114
0 0.50328853302831 0.43282955499580184 0.01658564483843294 0.022670025188916875
0 0.43008292822419214 0.4869857262804366 0.017157563625965114 0.020151133501259445
0 0.31455533314269374 0.6580604534005038 0.01658564483843294 0.02476910159529807
0 0.28009722619388044 0.839840470193115 0.01687160423219903 0.023089840470193114
0 0.5097226193880469 0.6574307304785895 0.015155847869602517 0.023509655751469353
0 0.5780669144981413 0.6714945424013434 0.018015441807263367 0.02392947103274559
0 0.6325421790105805 0.602225020990764 0.017729482413497283 0.02392947103274559
0 0.6002287675150129 0.707808564231738 0.018301401201029455 0.02518891687657431
0 0.6246782956820132 0.9030226700251889 0.016299685444666857 0.026028547439126783
0 0.7190448956248213 0.3075146935348447 0.0174435230197312 0.02644836272040302
0 0.815413211323992 0.267632241813602 0.01973119816985988 0.025608732157850547
0 0.7590792107520732 0.1941645675902603 0.01687160423219903 0.028967254408060455
0 0.7788104089219331 0.44038623005877414 0.018015441807263367 0.02686817800167926
0 0.8145553331426937 0.575566750629723 0.01973119816985988 0.02938706968933669
0 0.859164998570203 0.9053316540722083 0.02201887331998856 0.02476910159529807
0 0.9083500142979697 0.7258606213266163 0.021446954532456392 0.028547439126784216
2 0.23934801258221333 0.378463476070529 0.031455533314269375 0.06339210747271201
2 0.27580783528738917 0.26364399664147775 0.03402916785816414 0.06381192275398824
2 0.345581927366314 0.12300587741393787 0.04775521875893623 0.027707808564231738
2 0.5012868172719473 0.1975230898404702 0.04346582785244495 0.04575986565910999
2 0.1479839862739491 0.4693534844668346 0.048899056334000573 0.028547439126784216
2 0.26336860165856446 0.5749370277078085 0.04460966542750929 0.03904282115869018
2 0.3126965970832142 0.7313182199832073 0.04546754360880755 0.033585222502099076
2 0.2356305404632542 0.6966834592779177 0.04175007148984844 0.04827875734676742
2 0.25650557620817843 0.8201091519731318 0.04003431512725193 0.05751469353484467
2 0.45724907063197023 0.5965575146935348 0.042893909064912784 0.04030226700251889
2 0.5460394623963397 0.7598656591099916 0.044895624821275376 0.036943744752308987
2 0.7018873319988561 0.24286314021830394 0.044895624821275376 0.03232577665827036
2 0.8318558764655419 0.22963895885810243 0.030883614526737203 0.06381192275398824
2 0.822419216471261 0.11041141897565071 0.018873319988561624 0.07472712006717044
2 0.9037746639977123 0.12909319899244331 0.04775521875893623 0.0491183879093199
2 0.9410923648841865 0.36859781696053734 0.02287675150128682 0.07052896725440806
2 0.8375750643408636 0.4693534844668346 0.04403774663997712 0.04534005037783375
2 0.7323420074349443 0.5323257766582704 0.0348870460394624 0.05793450881612091
2 0.8262796682871032 0.7829554995801847 0.048899056334000573 0.0436607892527288
2 0.9370889333714613 0.7080184718723762 0.042893909064912784 0.06087321578505458