2 0.384882 0.548544 0.121359 0.0568655
2 0.177531 0.648405 0.0499307 0.0894591
2 0.534674 0.379334 0.118585 0.0540915
2 0.355062 0.149098 0.102635 0.0464632
1 0.210125 0.515257 0.0721221 0.0471567
1 0.40846 0.380721 0.0790569 0.0381415
1 0.353675 0.421637 0.0596394 0.0568655
1 0.143551 0.190707 0.0714286 0.0492372
1 0.0977809 0.384882 0.0499307 0.0672677
1 0.595007 0.143551 0.0797503 0.0346741
1 0.56172 0.255895 0.0887656 0.0416089
0 0.202497 0.154646 0.038835 0.0464632
0 0.160194 0.409154 0.0353675 0.038835
0 0.276699 0.445908 0.0416089 0.0416089
0 0.433426 0.492372 0.0409154 0.0298197
