2 0.156727 0.232316 0.0825243 0.114424
2 0.328017 0.133842 0.0686546 0.115811
2 0.40846 0.268377 0.106103 0.0554785
2 0.475728 0.331484 0.0492372 0.124133
2 0.42233 0.604022 0.0957004 0.0970874
1 0.0582524 0.186546 0.0721221 0.0506241
1 0.357143 0.384882 0.0797503 0.038835
0 0.175451 0.112344 0.0346741 0.0353675
0 0.244105 0.241331 0.0492372 0.0423024
0 0.305132 0.418863 0.0416089 0.0436893
0 0.34466 0.536754 0.0423024 0.0436893
0 0.357143 0.648405 0.0464632 0.0492372
0 0.583218 0.651872 0.0416089 0.0506241
