0 0.427878 0.558946 0.0624133 0.0381415
0 0.136616 0.238558 0.0589459 0.0478502
1 0.837725 0.108877 0.0638003 0.056172
1 0.371706 0.257975 0.0658807 0.0631068
1 0.638003 0.409154 0.0596394 0.0679612
1 0.514563 0.628294 0.0832178 0.0589459
1 0.359223 0.748266 0.0797503 0.036061
1 0.402913 0.825243 0.0776699 0.038835
1 0.349515 0.571429 0.092233 0.0346741
2 0.351595 0.371706 0.0672677 0.124133
2 0.4681 0.410541 0.105409 0.0728155
2 0.575589 0.59154 0.056172 0.0957004
2 0.345354 0.652566 0.119279 0.0707351
2 0.274619 0.537448 0.0797503 0.110264
