0 0.221914 0.520804 0.0457698 0.0416089
0 0.281553 0.431345 0.037448 0.0395284
0 0.352288 0.383495 0.038835 0.0339806
0 0.616505 0.199029 0.0471567 0.0457698
0 0.110264 0.295423 0.0450763 0.0423024
1 0.146325 0.635229 0.0742025 0.0353675
1 0.180999 0.576283 0.0617198 0.0450763
1 0.371706 0.121359 0.0672677 0.0499307
1 0.180305 0.143551 0.0610264 0.0520111
1 0.567961 0.330791 0.0617198 0.054785
2 0.359223 0.559639 0.115811 0.0596394
2 0.503467 0.419556 0.0769764 0.115811
2 0.405687 0.394591 0.0644938 0.119279
2 0.10749 0.391817 0.114424 0.0499307
2 0.128988 0.197642 0.119279 0.0513176
