0 0.0677723763225622 0.17842149454240133 0.023448670288818987 0.02518891687657431
0 0.18344295110094366 0.16498740554156172 0.01858736059479554 0.023509655751469353
0 0.16299685444666856 0.26448362720403024 0.020017157563625966 0.02434928631402183
0 0.27494995710609094 0.2619647355163728 0.01687160423219903 0.02686817800167926
0 0.1661424077780955 0.37636439966414775 0.019445238776093794 0.02392947103274559
0 0.2968258507291964 0.686607892527288 0.018301401201029455 0.02644836272040302
0 0.6325421790105805 0.9162468513853904 0.016013726050900772 0.0272879932829555
0 0.6159565341721476 0.7239714525608733 0.016013726050900772 0.02225020990764064
0 0.5191592793823278 0.6710747271200672 0.01687160423219903 0.02476910159529807
0 0.9320846439805548 0.8285054575986566 0.02030311695739205 0.028127623845507977
0 0.9493851873034029 0.8845507976490344 0.021160995138690308 0.02686817800167926
0 0.8084072061767229 0.5883711167086482 0.019445238776093794 0.025608732157850547
0 0.5360308836145268 0.5770361041141897 0.015727766657134688 0.02476910159529807
0 0.8146983128395768 0.3623005877413938 0.018873319988561624 0.02938706968933669
0 0.6985987989705462 0.4945424013434089 0.015441807263368601 0.02434928631402183
0 0.4884186445524735 0.367968094038623 0.016013726050900772 0.02476910159529807
0 0.5887903917643694 0.31947942905121746 0.014297969688304261 0.02518891687657431
0 0.8035458964826995 0.16561712846347607 0.018301401201029455 0.025608732157850547
0 0.8252788104089219 0.25461796809403864 0.018301401201029455 0.0272879932829555
0 0.42364884186445523 0.23089840470193115 0.018015441807263367 0.027707808564231738
1 0.12896768658850444 0.2523089840470193 0.029167858164140692 0.028547439126784216
1 0.2221904489562482 0.40155331654072207 0.028595939376608523 0.028127623845507977
1 0.13911924506720047 0.4452141057934509 0.0328853302830998 0.019731318219983206
1 0.2828138404346583 0.5881612090680101 0.028595939376608523 0.022670025188916875
1 0.21389762653703173 0.6824097397145256 0.024020589076351156 0.03316540722082284
1 0.24692593651701458 0.7233417296389588 0.028881898770374607 0.0218303946263644
1 0.5373177008864741 0.8803526448362721 0.020589076351158135 0.036943744752308987
1 0.6459822705175865 0.8774139378673383 0.021160995138690308 0.04450041981528128
1 0.5416070917929654 0.7628043660789253 0.02688018301401201 0.031066330814441646
1 0.48098370031455534 0.6664567590260285 0.02630826422647984 0.031486146095717885
1 0.86888761795825 0.9013434089000839 0.023734629682585072 0.041981528127623846
1 0.7297683728910495 0.6236356003358522 0.025164426651415498 0.03316540722082284
1 0.7879611095224478 0.45759865659109994 0.03345724907063197 0.02686817800167926
1 0.7074635401772948 0.3952560873215785 0.022304832713754646 0.03316540722082284
1 0.6469831283957678 0.34844668345927793 0.03002573634543895 0.020151133501259445
1 0.8427223334286531 0.35789252728799326 0.02287675150128682 0.04575986565910999
1 0.8291392622247641 0.13643996641477749 0.027166142407778097 0.02434928631402183
1 0.6924506720045753 0.22670025188916876 0.028881898770374607 0.0327455919395466
1 0.8039748355733486 0.2837951301427372 0.029453817557906777 0.022670025188916875
1 0.5195882184729769 0.44710327455919396 0.02973977695167286 0.026028547439126783
2 0.14969974263654562 0.48425692695214106 0.04661138118387189 0.025608732157850547
2 0.22962539319416642 0.5843828715365239 0.042893909064912784 0.03442485306465155
2 0.2596511295396054 0.8280856423173804 0.02973977695167286 0.05667506297229219
2 0.5829282241921647 0.691855583543241 0.029453817557906777 0.06381192275398824
2 0.8367171861595654 0.7470612930310663 0.05147269087789534 0.0272879932829555
2 0.9176436945953674 0.6981528127623845 0.057763797540749215 0.02938706968933669
2 0.6079496711466972 0.5751469353484466 0.02287675150128682 0.06968933669185558
2 0.728195596225336 0.5455499580184718 0.023162710895052903 0.07010915197313182
2 0.8312839576780098 0.45424013434089 0.032027452101801544 0.06465155331654072
2 0.7011724335144409 0.2783375314861461 0.03946239633971976 0.047019311502938706
2 0.7377752359164998 0.18597816960537364 0.050328853302830996 0.026028547439126783
2 0.8973405776379754 0.1494542401343409 0.019445238776093794 0.06633081444164568
2 0.9322276236774378 0.367968094038623 0.021732913926222477 0.05079764903442485
2 0.44409493851873033 0.43178001679261124 0.036030883614526735 0.05163727959697733
2 0.4177866742922505 0.4880352644836272 0.02630826422647984 0.04743912678421495
2 0.4056334000571919 0.35579345088161207 0.04375178724621104 0.036523929471032744
2 0.5990849299399486 0.2434928631402183 0.021160995138690308 0.07220822837951302
2 0.4987131827280526 0.20990764063811923 0.0406062339147841 0.04534005037783375
2 0.34014869888475835 0.09340890008396306 0.040892193308550186 0.0600335852225021
2 0.6767229053474406 0.38685978169605373 0.03517300543322848 0.05751469353484467