2 0.323162 0.235784 0.0769764 0.110957
2 0.823856 0.12344 0.114424 0.0707351
2 0.637309 0.385576 0.0603329 0.122746
2 0.485437 0.414008 0.0797503 0.101248
2 0.296117 0.423717 0.117198 0.0631068
2 0.563107 0.599861 0.090846 0.0651872
2 0.115118 0.237171 0.0887656 0.10749
1 0.352982 0.542996 0.0790569 0.0568655
1 0.301664 0.624133 0.0832178 0.0402219
1 0.336338 0.369626 0.0742025 0.0603329
1 0.784327 0.207351 0.0728155 0.0443828
1 0.418863 0.824549 0.0700416 0.0617198
1 0.726075 0.128294 0.0776699 0.0554785
0 0.329404 0.748266 0.0416089 0.0443828
0 0.509015 0.640777 0.0423024 0.0471567
