0 0.260156 0.412500 0.012500 0.033333
0 0.307422 0.386111 0.014844 0.025000
0 0.371484 0.309028 0.022656 0.023611
0 0.428125 0.336806 0.021875 0.023611
0 0.388672 0.378472 0.021094 0.020833
0 0.263281 0.475694 0.025000 0.029167
0 0.267969 0.606250 0.020312 0.026389
0 0.362891 0.493056 0.021094 0.025000
0 0.361719 0.548611 0.015625 0.027778
0 0.353125 0.629167 0.014062 0.022222
0 0.353906 0.695139 0.025000 0.037500
0 0.292188 0.688194 0.020312 0.037500
0 0.391797 0.565972 0.014844 0.026389
0 0.424219 0.465278 0.014062 0.027778
0 0.474219 0.425694 0.021875 0.029167
0 0.521094 0.387500 0.014062 0.027778
0 0.499219 0.488194 0.021875 0.026389
0 0.480078 0.585417 0.014844 0.037500
0 0.471094 0.717361 0.012500 0.023611
0 0.518359 0.695139 0.014844 0.029167
0 0.554688 0.813194 0.015625 0.031944
0 0.597266 0.638889 0.014844 0.025000
0 0.567578 0.428472 0.014844 0.020833
0 0.601563 0.363194 0.018750 0.029167
0 0.687500 0.256250 0.018750 0.034722
0 0.649219 0.418750 0.015625 0.034722
0 0.643359 0.519444 0.014844 0.027778
0 0.680469 0.505556 0.017188 0.025000
0 0.676953 0.622917 0.019531 0.026389
0 0.701172 0.444444 0.017969 0.030556
0 0.718359 0.340278 0.014844 0.033333
0 0.731250 0.403472 0.020312 0.026389
0 0.793359 0.352778 0.019531 0.033333
0 0.755469 0.472222 0.015625 0.030556
0 0.780469 0.651389 0.023438 0.027778
0 0.774609 0.821528 0.019531 0.040278
0 0.711719 0.761806 0.014062 0.023611
