2 0.610264 0.615811 0.10749 0.0624133
2 0.124827 0.244799 0.122053 0.0991678
2 0.839112 0.124133 0.116505 0.0721221
2 0.380028 0.528433 0.115811 0.0755895
1 0.517337 0.629681 0.0769764 0.0471567
1 0.372399 0.763523 0.0728155 0.0270458
1 0.363384 0.339806 0.0790569 0.0436893
1 0.441054 0.256588 0.0832178 0.0520111
1 0.483356 0.4043 0.0707351 0.0478502
1 0.670596 0.382108 0.0589459 0.0638003
1 0.339806 0.569348 0.0957004 0.0423024
0 0.338419 0.225381 0.0485437 0.0499307
0 0.334258 0.39043 0.0520111 0.0540915
