0 0.176953 0.268056 0.019531 0.033333
0 0.146875 0.395833 0.025000 0.027778
0 0.098047 0.483333 0.032031 0.025000
0 0.243359 0.434722 0.024219 0.027778
0 0.282813 0.325000 0.020312 0.030556
0 0.153906 0.606944 0.017188 0.025000
0 0.275391 0.568750 0.017969 0.020833
0 0.292188 0.684722 0.023438 0.027778
0 0.378125 0.413194 0.020312 0.026389
0 0.426172 0.272222 0.014844 0.030556
0 0.472656 0.377778 0.018750 0.025000
0 0.434375 0.454167 0.017188 0.022222
0 0.369141 0.680556 0.013281 0.038889
0 0.387109 0.779167 0.019531 0.022222
0 0.460547 0.671528 0.021094 0.029167
0 0.466797 0.593750 0.021094 0.029167
0 0.528125 0.477083 0.020312 0.023611
0 0.575391 0.400694 0.022656 0.020833
0 0.520703 0.302083 0.017969 0.029167
0 0.580469 0.205556 0.017188 0.030556
0 0.590625 0.309722 0.015625 0.030556
0 0.628906 0.431250 0.014062 0.023611
0 0.616797 0.559028 0.017969 0.026389
0 0.554297 0.635417 0.014844 0.031944
0 0.569922 0.828472 0.016406 0.020833
0 0.681641 0.461806 0.028906 0.026389
0 0.696094 0.370139 0.026563 0.023611
0 0.716406 0.280556 0.017188 0.027778
0 0.796484 0.280556 0.024219 0.033333
0 0.733594 0.425000 0.012500 0.030556
0 0.810156 0.405556 0.021875 0.030556
0 0.818359 0.554167 0.028906 0.027778
0 0.717969 0.556250 0.026563 0.031944
0 0.742969 0.622917 0.025000 0.031944
0 0.744141 0.755556 0.019531 0.025000
0 0.689844 0.752778 0.023438 0.025000
0 0.799219 0.706944 0.021875 0.027778
0 0.778125 0.802778 0.026563 0.033333
