2 0.32663 0.211512 0.0852982 0.124827
2 0.656033 0.411234 0.124133 0.0478502
2 0.790569 0.13939 0.101942 0.0832178
2 0.328017 0.363384 0.090846 0.115811
1 0.337032 0.557559 0.0776699 0.0436893
1 0.538141 0.619279 0.0776699 0.0416089
1 0.484743 0.414008 0.0790569 0.0533981
1 0.252427 0.307906 0.101248 0.0395284
0 0.283634 0.417476 0.0568655 0.0457698
0 0.115118 0.222607 0.0492372 0.038835
0 0.264216 0.224688 0.0499307 0.0506241
0 0.635229 0.334951 0.0423024 0.038835
0 0.356449 0.761442 0.0603329 0.0381415
