2 0.18724 0.191401 0.0714286 0.108183
2 0.450763 0.325243 0.0852982 0.10749
2 0.352288 0.371706 0.0887656 0.0957004
2 0.576283 0.669903 0.0714286 0.120666
1 0.0859917 0.194175 0.0866852 0.0298197
1 0.237171 0.287795 0.0742025 0.0540915
1 0.322469 0.434119 0.0568655 0.0582524
1 0.465326 0.449376 0.0416089 0.0596394
0 0.15534 0.0929265 0.0471567 0.036061
0 0.338419 0.129681 0.0423024 0.0436893
0 0.415395 0.218447 0.0527046 0.0443828
0 0.335645 0.646325 0.0423024 0.0402219
0 0.531207 0.34466 0.0423024 0.0402219
