0 0.06505576208178439 0.15092359361880772 0.02030311695739205 0.0272879932829555
0 0.2157563625965113 0.2749790092359362 0.0174435230197312 0.0218303946263644
0 0.1295396053760366 0.27476910159529805 0.021732913926222477 0.0272879932829555
0 0.1975979410923649 0.40449202350965574 0.018873319988561624 0.025608732157850547
0 0.27337718044037745 0.5806045340050378 0.01658564483843294 0.022670025188916875
0 0.28095510437517873 0.6490344248530646 0.01973119816985988 0.023509655751469353
0 0.5191592793823278 0.35621326616288834 0.018015441807263367 0.02644836272040302
0 0.6894480983700314 0.18387909319899245 0.017729482413497283 0.02686817800167926
0 0.7659422362024593 0.21914357682619648 0.01858736059479554 0.030226700251889168
0 0.734915641978839 0.5824937027707808 0.017729482413497283 0.028127623845507977
0 0.5880754932799542 0.7724601175482787 0.01973119816985988 0.02518891687657431
0 0.5410351730054332 0.7657430730478589 0.018873319988561624 0.023509655751469353
0 0.9412353445810695 0.8694374475230898 0.02259079210752073 0.031066330814441646
0 0.8370031455533314 0.7405541561712846 0.017729482413497283 0.026028547439126783
0 0.8031169573920504 0.35684298908480266 0.01973119816985988 0.02434928631402183
0 0.8045467543608807 0.28463476070528965 0.01915927938232771 0.028547439126784216
0 0.8244209322276237 0.25482787573467675 0.020589076351158135 0.028547439126784216
0 0.9356591364026309 0.37531486146095716 0.020589076351158135 0.022670025188916875
0 0.8338575922219045 0.12678421494542402 0.017157563625965114 0.027707808564231738
0 0.909493851873034 0.13476070528967254 0.021446954532456392 0.027707808564231738
1 0.18301401201029455 0.16120906801007556 0.03374320846439806 0.02518891687657431
1 0.14855590506148128 0.23488664987405541 0.03631684300829282 0.028967254408060455
1 0.14469545324563912 0.3900083963056255 0.03259937088933371 0.02434928631402183
1 0.25150128681727196 0.3713266162888329 0.029453817557906777 0.02980688497061293
1 0.11938804689734057 0.20801847187237615 0.023734629682585072 0.04575986565910999
1 0.342436374034887 0.12846347607052896 0.027166142407778097 0.037783375314861464
1 0.5436088075493279 0.5818639798488665 0.032027452101801544 0.02518891687657431
1 0.5142979696883042 0.4321998320738875 0.024306548470117244 0.03232577665827036
1 0.48899056334000573 0.6612090680100756 0.023448670288818987 0.03610411418975651
1 0.6199599656848728 0.5132241813602015 0.020589076351158135 0.039882451721242655
1 0.6156705747783815 0.5694794290512175 0.02745210180154418 0.035684298908480266
1 0.6857306262510724 0.4244332493702771 0.02745210180154418 0.031066330814441646
1 0.7018873319988561 0.232367758186398 0.03231341149556763 0.02392947103274559
1 0.7543608807549328 0.16456759026028547 0.03660280240205891 0.0218303946263644
1 0.7973977695167286 0.46893366918555834 0.026594223620245924 0.03946263643996641
1 0.5427509293680297 0.9023929471032746 0.02287675150128682 0.039882451721242655
1 0.8106948813268516 0.7737195633921075 0.021160995138690308 0.041981528127623846
1 0.9380897912496425 0.336272040302267 0.026594223620245924 0.04030226700251889
1 0.8304260794967114 0.3459277917716205 0.03431512725193023 0.02434928631402183
1 0.865885044323706 0.19290512174643157 0.032027452101801544 0.023089840470193114
2 0.218187017443523 0.3797229219143577 0.03946239633971976 0.05667506297229219
2 0.28781812982556476 0.269311502938707 0.04603946239633972 0.02644836272040302
2 0.16313983414355163 0.48572628043660787 0.03460108664569631 0.06213266162888329
2 0.2301973119816986 0.5795549958018472 0.04975693451529883 0.02225020990764064
2 0.24478124106376895 0.7044500419815282 0.03374320846439806 0.05709487825356843
2 0.3208464398055476 0.6574307304785895 0.024020589076351156 0.06717044500419815
2 0.2620817843866171 0.8413098236775819 0.04546754360880755 0.04869857262804366
2 0.5160137260509008 0.19374475230898405 0.04375178724621104 0.04659949622166247
2 0.5972261938804689 0.27455919395465994 0.029453817557906777 0.06381192275398824
2 0.4315127251930226 0.4758606213266163 0.03774663997712325 0.053316540722082285
2 0.44709751215327426 0.5990764063811923 0.042036030883614524 0.041981528127623846
2 0.7033171289676866 0.2926112510495382 0.01973119816985988 0.07556675062972293
2 0.6798684586788676 0.3807724601175483 0.048899056334000573 0.033585222502099076
2 0.7200457535030026 0.5165827036104114 0.03431512725193023 0.05919395465994962
2 0.8167000285959394 0.5663308144416457 0.0348870460394624 0.056255247691015954
2 0.5892193308550185 0.7034005037783375 0.03803259937088933 0.05247691015952981
2 0.5281670002859594 0.730688497061293 0.03889047755218759 0.049958018471872374
2 0.5631970260223048 0.8688077246011755 0.0386045181584215 0.05247691015952981
2 0.8524449528167001 0.8933669185558354 0.02287675150128682 0.07052896725440806
2 0.9355161567057478 0.7275398824517213 0.04603946239633972 0.055415617128463476