0 0.140625 0.312500 0.018750 0.027778
0 0.115625 0.406944 0.025000 0.027778
0 0.085156 0.477778 0.029687 0.019444
0 0.178906 0.415278 0.029687 0.030556
0 0.207031 0.325000 0.028125 0.030556
0 0.195703 0.515278 0.021094 0.027778
0 0.119141 0.564583 0.021094 0.020833
0 0.108984 0.722222 0.021094 0.033333
0 0.207422 0.609722 0.032031 0.019444
0 0.266016 0.589583 0.024219 0.023611
0 0.277734 0.679167 0.021094 0.025000
0 0.273828 0.370833 0.027344 0.025000
0 0.308594 0.245139 0.021875 0.031944
0 0.346484 0.316667 0.019531 0.027778
0 0.314844 0.388889 0.018750 0.025000
0 0.342578 0.501389 0.019531 0.022222
0 0.341797 0.571528 0.019531 0.023611
0 0.395312 0.382639 0.017188 0.026389
0 0.387500 0.238889 0.025000 0.025000
0 0.437891 0.136806 0.019531 0.031944
0 0.446484 0.220833 0.022656 0.033333
0 0.433984 0.304167 0.014844 0.030556
0 0.425000 0.519444 0.020312 0.030556
0 0.442969 0.704167 0.031250 0.025000
0 0.482031 0.432639 0.015625 0.026389
0 0.485547 0.307639 0.021094 0.031944
0 0.550781 0.231944 0.014062 0.027778
0 0.539844 0.325694 0.017188 0.034722
0 0.568359 0.145139 0.021094 0.029167
0 0.654688 0.114583 0.012500 0.037500
0 0.592578 0.272222 0.024219 0.036111
0 0.682813 0.220139 0.025000 0.031944
0 0.582422 0.404167 0.019531 0.030556
0 0.705859 0.369444 0.019531 0.022222
0 0.618750 0.461111 0.020312 0.030556
0 0.568750 0.613194 0.015625 0.029167
0 0.628125 0.598611 0.023438 0.033333
0 0.698828 0.540278 0.021094 0.030556
0 0.680859 0.646528 0.019531 0.026389
