0 0.169209 0.245492 0.0423024 0.0443828
0 0.411928 0.241331 0.0409154 0.0499307
0 0.301664 0.349515 0.0457698 0.0457698
0 0.370319 0.414008 0.038835 0.0457698
0 0.386269 0.384882 0.0416089 0.0423024
0 0.524272 0.631068 0.0423024 0.0450763
0 0.568655 0.59154 0.0423024 0.0464632
0 0.619972 0.572122 0.0395284 0.0450763
1 0.39251 0.585298 0.0499307 0.0443828
1 0.531207 0.5638 0.0423024 0.0436893
2 0.283634 0.247573 0.0527046 0.0533981
2 0.345354 0.242718 0.0506241 0.0589459
2 0.474341 0.409154 0.0492372 0.0540915
2 0.488904 0.583218 0.0485437 0.0499307
