2 0.1888860887096774 0.2476478494623656 0.03704637096774194 0.027553763440860215
2 0.27142137096774194 0.22026209677419356 0.04334677419354839 0.02385752688172043
2 0.18724798387096775 0.2975470430107527 0.03679435483870968 0.044690860215053765
2 0.2408014112903226 0.4116263440860215 0.03251008064516129 0.03696236559139785
2 0.2923387096774194 0.4116263440860215 0.04133064516129032 0.023521505376344086
2 0.19569052419354838 0.46118951612903225 0.03704637096774194 0.03192204301075269
2 0.3133820564516129 0.4937836021505376 0.034022177419354836 0.04401881720430108
2 0.2896925403225806 0.5529233870967742 0.03755040322580645 0.039986559139784945
2 0.3198084677419355 0.5883736559139785 0.041834677419354836 0.025537634408602152
2 0.22706653225806453 0.6213037634408602 0.04485887096774194 0.025537634408602152
2 0.29926915322580644 0.6853158602150538 0.027973790322580645 0.05275537634408602
2 0.4063760080645161 0.19186827956989247 0.04007056451612903 0.020833333333333332
2 0.5228074596774194 0.20178091397849462 0.0390625 0.02788978494623656
2 0.4949596774193548 0.26596102150537637 0.03931451612903226 0.028561827956989246
2 0.5940020161290323 0.3550067204301075 0.03326612903225806 0.03326612903225806
2 0.48588709677419356 0.38188844086021506 0.03780241935483871 0.024529569892473117
2 0.5457409274193549 0.40053763440860213 0.04007056451612903 0.021505376344086023
2 0.5220514112903226 0.4537970430107527 0.030997983870967742 0.03864247311827957
2 0.518523185483871 0.5915658602150538 0.038558467741935484 0.021841397849462367
2 0.6685987903225806 0.5591397849462365 0.04032258064516129 0.020833333333333332
2 0.7600806451612904 0.5529233870967742 0.041834677419354836 0.024529569892473117
2 0.8251008064516129 0.5033602150537635 0.03225806451612903 0.043682795698924734
2 0.8072076612903226 0.44573252688172044 0.028729838709677418 0.04939516129032258
2 0.6612903225806451 0.42993951612903225 0.039818548387096774 0.026545698924731184
2 0.6895161290322581 0.34223790322580644 0.03377016129032258 0.03662634408602151
2 0.7535282258064516 0.2662970430107527 0.020161290322580645 0.050067204301075266
2 0.8019153225806451 0.3736559139784946 0.031754032258064516 0.04233870967741935
2 0.7534022177419355 0.7731854838709677 0.03805443548387097 0.02889784946236559
0 0.23891129032258066 0.3126680107526882 0.02066532258064516 0.014448924731182795
0 0.2639868951612903 0.32560483870967744 0.021925403225806453 0.020161290322580645
0 0.19480846774193547 0.35551075268817206 0.012600806451612902 0.028225806451612902
0 0.18510584677419356 0.3894489247311828 0.012348790322580645 0.021505376344086023
0 0.3041834677419355 0.6261760752688172 0.012600806451612902 0.017137096774193547
0 0.3485383064516129 0.7017809139784946 0.011088709677419355 0.021169354838709676
0 0.38520665322580644 0.7496639784946236 0.013860887096774193 0.016129032258064516
0 0.6037046370967742 0.8029233870967742 0.011340725806451613 0.015793010752688172
0 0.5607358870967742 0.7463037634408602 0.02066532258064516 0.016129032258064516
0 0.5045362903225806 0.7034610215053764 0.01663306451612903 0.011760752688172043
0 0.5288558467741935 0.6617943548387096 0.014868951612903226 0.013776881720430107
0 0.4375 0.5893817204301075 0.017137096774193547 0.015456989247311828
0 0.43724798387096775 0.4430443548387097 0.012600806451612902 0.023185483870967742
0 0.44682459677419356 0.3419018817204301 0.016129032258064516 0.015793010752688172
0 0.4347278225806452 0.2804099462365591 0.014616935483870967 0.01646505376344086
0 0.5451108870967742 0.3125 0.012600806451612902 0.016801075268817203
0 0.5839213709677419 0.41397849462365593 0.018649193548387098 0.01478494623655914
0 0.6528477822580645 0.3020833333333333 0.020413306451612902 0.01881720430107527
0 0.7057711693548387 0.28326612903225806 0.011340725806451613 0.021505376344086023
0 0.7871723790322581 0.30023521505376344 0.012348790322580645 0.015793010752688172
0 0.75 0.4475806451612903 0.013608870967741936 0.026881720430107527
0 0.7712953629032258 0.4894153225806452 0.024949596774193547 0.013776881720430107
0 0.7292086693548387 0.49311155913978494 0.02242943548387097 0.013776881720430107
0 0.7085433467741935 0.5462029569892473 0.02242943548387097 0.01243279569892473
0 0.5716985887096774 0.5315860215053764 0.012348790322580645 0.018145161290322582
0 0.8301411290322581 0.6584341397849462 0.014112903225806451 0.013776881720430107
0 0.8582409274193549 0.774361559139785 0.014364919354838709 0.01646505376344086
0 0.8752520161290323 0.8131720430107527 0.02469758064516129 0.026881720430107527
1 0.24886592741935484 0.3580309139784946 0.025957661290322582 0.023185483870967742
1 0.3811743951612903 0.2296706989247312 0.025957661290322582 0.02721774193548387
1 0.31401209677419356 0.33030913978494625 0.021673387096774195 0.02889784946236559
1 0.3792842741935484 0.33450940860215056 0.02469758064516129 0.024529569892473117
1 0.3693296370967742 0.4280913978494624 0.026461693548387098 0.019489247311827957
1 0.3910030241935484 0.5104166666666666 0.020917338709677418 0.026881720430107527
1 0.3595010080645161 0.6439852150537635 0.020917338709677418 0.025873655913978496
1 0.27242943548387094 0.766633064516129 0.025201612903225805 0.028561827956989246
1 0.4643397177419355 0.6441532258064516 0.017389112903225805 0.031586021505376344
1 0.5905997983870968 0.6681787634408602 0.017893145161290324 0.029233870967741934
1 0.5320060483870968 0.8081317204301075 0.018145161290322582 0.033602150537634407
1 0.6534778225806451 0.7088373655913979 0.021673387096774195 0.02788978494623656
1 0.6995967741935484 0.6355846774193549 0.028729838709677418 0.02049731182795699
1 0.5985383064516129 0.5451948924731183 0.023185483870967742 0.026545698924731184
1 0.6350806451612904 0.47513440860215056 0.02217741935483871 0.02956989247311828
1 0.5546875 0.359375 0.02066532258064516 0.030577956989247312
1 0.6534778225806451 0.384744623655914 0.02721774193548387 0.019489247311827957
1 0.5919858870967742 0.2609206989247312 0.023689516129032258 0.037298387096774195
1 0.67578125 0.24495967741935484 0.024949596774193547 0.02956989247311828
1 0.739289314516129 0.3402217741935484 0.021421370967741934 0.03125
1 0.7203881048387096 0.41985887096774194 0.024949596774193547 0.02788978494623656
1 0.7691532258064516 0.6970766129032258 0.017137096774193547 0.037298387096774195
1 0.8141381048387096 0.7741935483870968 0.01940524193548387 0.03696236559139785
1 0.7987651209677419 0.8224126344086021 0.020413306451612902 0.03797043010752688
1 0.4923135080645161 0.4633736559139785 0.025453629032258066 0.016129032258064516
1 0.484375 0.536122311827957 0.02066532258064516 0.02721774193548387
1 0.4261592741935484 0.3943212365591398 0.023689516129032258 0.025873655913978496
1 0.6912802419354839 0.484375 0.01965725806451613 0.03125