2 0.0657706605661996 0.15197313182199831 0.03317128967686588 0.06968933669185558
2 0.15427509293680297 0.15785054575986565 0.04317986845867887 0.038623005877413935
2 0.12496425507577924 0.21137699412258606 0.04861309694023449 0.039882451721242655
2 0.3452959679725479 0.08396305625524769 0.04661138118387189 0.04114189756507137
2 0.22662281955962255 0.573887489504618 0.048899056334000573 0.03526448362720403
2 0.2745210180154418 0.5768261964735516 0.036030883614526735 0.06213266162888329
2 0.2596511295396054 0.7850545759865659 0.03317128967686588 0.055415617128463476
2 0.4392336288247069 0.6555415617128464 0.019445238776093794 0.06926952141057935
2 0.5191592793823278 0.5984466834592779 0.030597655132971118 0.06842989084802686
2 0.6231055190162997 0.5820738874895046 0.042893909064912784 0.04659949622166247
2 0.6754360880754933 0.36754827875734675 0.04575350300257364 0.035684298908480266
2 0.7010294538175579 0.24307304785894207 0.04718329997140406 0.038623005877413935
2 0.7989705461824421 0.2882031905961377 0.05204460966542751 0.02980688497061293
2 0.8525879325135831 0.33984047019311503 0.027166142407778097 0.07262804366078925
2 0.5223048327137546 0.17422334172963896 0.03517300543322848 0.027707808564231738
2 0.6153846153846154 0.24496221662468515 0.04804117815270231 0.036523929471032744
2 0.5022876751501287 0.3427791771620487 0.04603946239633972 0.03400503778337532
2 0.8961967400629111 0.13916876574307305 0.02459250786388333 0.07346767422334173
0 0.2100371747211896 0.3918975650713686 0.02087503574492422 0.025608732157850547
0 0.1855876465541893 0.33585222502099077 0.021732913926222477 0.02686817800167926
0 0.24778381469831284 0.7201931150293871 0.02030311695739205 0.02644836272040302
0 0.3151272519302259 0.6786314021830394 0.021160995138690308 0.028127623845507977
0 0.4536745782098942 0.5701091519731318 0.015727766657134688 0.026028547439126783
0 0.4243637403488705 0.48593618807724603 0.020017157563625966 0.02644836272040302
0 0.6023734629682586 0.7489504617968094 0.01687160423219903 0.028547439126784216
0 0.48941950243065485 0.43282955499580184 0.018015441807263367 0.02686817800167926
0 0.5979410923648842 0.5 0.017157563625965114 0.02518891687657431
0 0.7291964541035173 0.5478589420654912 0.018301401201029455 0.027707808564231738
0 0.8284243637403489 0.6114609571788413 0.020017157563625966 0.0272879932829555
0 0.9120674864169288 0.8144416456759026 0.02030311695739205 0.026028547439126783
0 0.9130683442951101 0.9263224181360201 0.022304832713754646 0.02980688497061293
0 0.7570774949957106 0.22397145256087322 0.018015441807263367 0.02644836272040302
0 0.7673720331712897 0.14924433249370278 0.02201887331998856 0.02980688497061293
0 0.825707749499571 0.13706968933669186 0.01973119816985988 0.031486146095717885
0 0.8275664855590507 0.26322418136020154 0.018873319988561624 0.02518891687657431
0 0.9409493851873034 0.35852225020990763 0.024878467257649414 0.028547439126784216
0 0.8258507291964541 0.3602015113350126 0.017157563625965114 0.020990764063811923
0 0.4922790963683157 0.22124265323257766 0.016299685444666857 0.023509655751469353
1 0.1557048899056334 0.2533585222502099 0.03631684300829282 0.03316540722082284
1 0.27580783528738917 0.2520990764063812 0.03345724907063197 0.02644836272040302
1 0.15856448384329425 0.35768261964735515 0.03231341149556763 0.0218303946263644
1 0.23234200743494424 0.39315701091519734 0.027738061195310266 0.041561712846347604
1 0.1534172147555047 0.4544500419815281 0.03460108664569631 0.023089840470193114
1 0.2130397483557335 0.6828295549958019 0.036030883614526735 0.025608732157850547
1 0.25693451529882755 0.8333333333333334 0.031169573920503287 0.023509655751469353
1 0.4768372891049471 0.6607892527287993 0.02087503574492422 0.0436607892527288
1 0.5480411781527024 0.5896305625524769 0.026594223620245924 0.03904282115869018
1 0.5887903917643694 0.7092779177162049 0.029167858164140692 0.030646515533165407
1 0.5413211323991993 0.7739294710327456 0.029167858164140692 0.04324097397145256
1 0.5547612239062053 0.8923173803526449 0.020589076351158135 0.04743912678421495
1 0.7392050328853302 0.6099916036943744 0.019445238776093794 0.04534005037783375
1 0.8706033743208464 0.9000839630562553 0.026022304832713755 0.05037783375314862
1 0.9345152988275665 0.850335852225021 0.03374320846439806 0.035684298908480266
1 0.8437231913068344 0.7277497900923594 0.03460108664569631 0.028967254408060455
1 0.4170717758078353 0.345088161209068 0.03002573634543895 0.027707808564231738
1 0.5224478124106376 0.4498320738874895 0.030311695739205034 0.023089840470193114
1 0.7712324849871318 0.4070109151973132 0.032027452101801544 0.025608732157850547
1 0.7060337432084643 0.5031486146095718 0.019445238776093794 0.04408060453400504
1 0.9342293394338004 0.3965155331654072 0.04804117815270231 0.04408060453400504