0 0.255859 0.238889 0.013281 0.027778
0 0.225000 0.303472 0.015625 0.026389
0 0.212500 0.386806 0.018750 0.029167
0 0.299219 0.269444 0.010937 0.027778
0 0.399219 0.194444 0.017188 0.033333
0 0.418359 0.247222 0.013281 0.036111
0 0.410156 0.321528 0.017188 0.031944
0 0.393750 0.373611 0.014062 0.030556
0 0.364453 0.357639 0.016406 0.034722
0 0.291406 0.384028 0.015625 0.031944
0 0.293750 0.434028 0.014062 0.029167
0 0.248437 0.466667 0.018750 0.019444
0 0.329688 0.522917 0.014062 0.034722
0 0.378125 0.420139 0.012500 0.031944
0 0.421484 0.463194 0.011719 0.026389
0 0.475000 0.508333 0.014062 0.027778
0 0.412500 0.584722 0.014062 0.025000
0 0.469922 0.362500 0.019531 0.027778
0 0.466797 0.265278 0.011719 0.030556
0 0.489844 0.309028 0.012500 0.037500
0 0.509766 0.342361 0.014844 0.031944
0 0.553906 0.307639 0.014062 0.026389
0 0.565234 0.265278 0.014844 0.030556
0 0.614844 0.288194 0.014062 0.037500
0 0.642969 0.256944 0.017188 0.030556
0 0.635156 0.380556 0.017188 0.030556
0 0.582422 0.399306 0.011719 0.031944
0 0.565234 0.503472 0.011719 0.029167
0 0.569922 0.596528 0.016406 0.026389
0 0.684766 0.299306 0.014844 0.037500
0 0.716406 0.268056 0.014062 0.030556
0 0.746484 0.331944 0.017969 0.027778
0 0.677344 0.343750 0.017188 0.026389
0 0.687109 0.415972 0.010156 0.029167
0 0.735547 0.489583 0.016406 0.031944
0 0.619141 0.454861 0.016406 0.029167
0 0.661719 0.571528 0.017188 0.031944
0 0.688672 0.684722 0.019531 0.030556
