2 0.1479839862739491 0.1570109151973132 0.04546754360880755 0.036943744752308987
2 0.17972547898198457 0.3318639798488665 0.02259079210752073 0.07262804366078925
2 0.1459822705175865 0.34676742233417296 0.041464112096082355 0.055415617128463476
2 0.29210752073205604 0.6748530646515534 0.030597655132971118 0.0675902602854744
2 0.268372891049471 0.8373215785054576 0.04775521875893623 0.03232577665827036
2 0.5547612239062053 0.9185558354324097 0.046325421790105806 0.03190596137699412
2 0.6505576208178439 0.8635600335852225 0.032027452101801544 0.06213266162888329
2 0.5387474978553045 0.6009655751469354 0.04861309694023449 0.030646515533165407
2 0.5972261938804689 0.7256507136859782 0.03974835573348585 0.05751469353484467
2 0.8104089219330854 0.5728379513014273 0.03889047755218759 0.05163727959697733
2 0.7160423219902774 0.506926952141058 0.04975693451529883 0.035684298908480266
2 0.5835001429796969 0.3240973971452561 0.01915927938232771 0.07052896725440806
2 0.6122390620531885 0.2607052896725441 0.042321990277380615 0.04030226700251889
2 0.49899914212181873 0.2216624685138539 0.047469259365170144 0.026028547439126783
2 0.6987417786674293 0.24832073887489506 0.04432370603374321 0.04743912678421495
2 0.8311409779811266 0.3599916036943745 0.03917643694595367 0.05583543240973971
2 0.8197026022304833 0.2565071368597817 0.04432370603374321 0.05289672544080604
2 0.9169287961109522 0.7162048698572628 0.027738061195310266 0.0688497061293031
2 0.8633114097798112 0.9151973131821999 0.04460966542750929 0.05037783375314862
2 0.9385187303402917 0.871536523929471 0.042321990277380615 0.05961376994122586
1 0.06133828996282528 0.1580604534005038 0.03345724907063197 0.03736356003358522
1 0.2775235916499857 0.2577665827036104 0.030597655132971118 0.0327455919395466
1 0.3408635973691736 0.10873215785054575 0.02688018301401201 0.033585222502099076
1 0.20517586502716614 0.4070109151973132 0.03402916785816414 0.019731318219983206
1 0.23134114955676294 0.5852225020990764 0.031455533314269375 0.023509655751469353
1 0.2527881040892193 0.7155751469353484 0.02745210180154418 0.02476910159529807
1 0.6243923362882471 0.9145675902602854 0.01973119816985988 0.041561712846347604
1 0.5477552187589362 0.7772879932829555 0.024878467257649414 0.03400503778337532
1 0.45724907063197023 0.6288832913518052 0.024020589076351156 0.03442485306465155
1 0.49256505576208176 0.6750629722921915 0.030597655132971118 0.020990764063811923
1 0.6133828996282528 0.5766162888329135 0.030311695739205034 0.018891687657430732
1 0.7297683728910495 0.5367338371116709 0.02973977695167286 0.028967254408060455
1 0.6888761795824992 0.41078925272879935 0.030883614526737203 0.02476910159529807
1 0.5107234772662282 0.34529806884970615 0.02802402058907635 0.030646515533165407
1 0.6648555905061482 0.3536943744752309 0.023448670288818987 0.0382031905961377
1 0.44180726336860165 0.43828715365239296 0.02688018301401201 0.0327455919395466
1 0.6255361738633114 0.18954659949622166 0.02259079210752073 0.04575986565910999
1 0.7646554189305119 0.18052057094878254 0.02973977695167286 0.02518891687657431
1 0.8329997140406062 0.13476070528967254 0.029167858164140692 0.031066330814441646
1 0.9114955676293967 0.8293450881612091 0.03460108664569631 0.020570948782535684
0 0.15070060051472692 0.24202350965575148 0.021160995138690308 0.025608732157850547
0 0.27623677437803834 0.2172544080604534 0.020589076351158135 0.02644836272040302
0 0.23434372319130684 0.39441645675902604 0.02030311695739205 0.02392947103274559
0 0.15270231627108952 0.46767422334172964 0.020017157563625966 0.023509655751469353
0 0.228195596225336 0.7010915197313182 0.019445238776093794 0.02686817800167926
0 0.5341721475550472 0.8828715365239295 0.017729482413497283 0.026028547439126783
0 0.5660566199599657 0.677791771620487 0.015155847869602517 0.02392947103274559
0 0.6279668287103232 0.6139798488664987 0.01486988847583643 0.02476910159529807
0 0.7806691449814126 0.43912678421494544 0.020589076351158135 0.023509655751469353
0 0.4220760651987418 0.48572628043660787 0.017729482413497283 0.02518891687657431
0 0.5148698884758365 0.43702770780856426 0.018015441807263367 0.02518891687657431
0 0.4848441521303975 0.3646095717884131 0.018015441807263367 0.021410579345088162
0 0.5177294824134973 0.1809403862300588 0.01973119816985988 0.02686817800167926
0 0.7056048041178152 0.20004198152812763 0.02030311695739205 0.028127623845507977
0 0.9259365170145839 0.36523929471032746 0.023448670288818987 0.030226700251889168
0 0.9079210752073206 0.11418975650713686 0.02287675150128682 0.02938706968933669
0 0.828853302830998 0.7523089840470193 0.01973119816985988 0.026028547439126783
0 0.9355161567057478 0.7292191435768262 0.015727766657134688 0.02518891687657431
0 0.8611667143265657 0.8696473551637279 0.021446954532456392 0.02644836272040302
0 0.9480983700314556 0.9147774979009236 0.02087503574492422 0.030226700251889168