0 0.229297 0.271528 0.019531 0.026389
0 0.273438 0.273611 0.010937 0.036111
0 0.232812 0.340972 0.010937 0.026389
0 0.210547 0.372222 0.019531 0.022222
0 0.266797 0.355556 0.021094 0.016667
0 0.329688 0.298611 0.017188 0.022222
0 0.400391 0.210417 0.010156 0.023611
0 0.333594 0.421528 0.015625 0.034722
0 0.229297 0.527083 0.024219 0.037500
0 0.312109 0.536111 0.016406 0.027778
0 0.282422 0.594444 0.016406 0.025000
0 0.329297 0.585417 0.021094 0.031944
0 0.310937 0.663194 0.014062 0.031944
0 0.460938 0.267361 0.020312 0.040278
0 0.435547 0.351389 0.019531 0.022222
0 0.449219 0.447222 0.017188 0.027778
0 0.457031 0.528472 0.015625 0.026389
0 0.416016 0.587500 0.017969 0.030556
0 0.442578 0.648611 0.013281 0.033333
0 0.446875 0.703472 0.021875 0.026389
0 0.507813 0.563889 0.028125 0.027778
0 0.533594 0.381944 0.014062 0.025000
0 0.547266 0.255556 0.017969 0.036111
0 0.606250 0.353472 0.018750 0.023611
0 0.621875 0.302778 0.018750 0.027778
0 0.740234 0.279167 0.021094 0.038889
0 0.748047 0.411806 0.017969 0.043056
0 0.692578 0.407639 0.024219 0.023611
0 0.819531 0.375694 0.015625 0.029167
0 0.830859 0.314583 0.013281 0.031944
0 0.622266 0.527778 0.016406 0.027778
0 0.704687 0.572917 0.015625 0.023611
0 0.638281 0.675694 0.020312 0.029167
0 0.610156 0.717361 0.017188 0.023611
0 0.635156 0.758333 0.017188 0.033333
0 0.694141 0.712500 0.019531 0.025000
0 0.742188 0.663889 0.018750 0.025000
0 0.732031 0.759722 0.017188 0.022222
