1 0.05990849299399485 0.15008396305625524 0.03402916785816414 0.03316540722082284
1 0.14269373748927652 0.1570109151973132 0.02802402058907635 0.041981528127623846
1 0.1514154989991421 0.2302686817800168 0.027166142407778097 0.0382031905961377
1 0.21132399199313698 0.26322418136020154 0.02688018301401201 0.03610411418975651
1 0.278524449528167 0.24811083123425692 0.02630826422647984 0.033585222502099076
1 0.22662281955962255 0.5772460117548279 0.03174149270803546 0.023509655751469353
1 0.24907063197026022 0.713056255247691 0.024020589076351156 0.03904282115869018
1 0.5529024878467258 0.8916876574307305 0.02087503574492422 0.0436607892527288
1 0.6365456105233057 0.904911838790932 0.023448670288818987 0.031486146095717885
1 0.5431798684586788 0.7663727959697733 0.03002573634543895 0.03316540722082284
1 0.4791249642550758 0.6857682619647355 0.027738061195310266 0.03400503778337532
1 0.47297683728910495 0.6349706129303107 0.030311695739205034 0.023089840470193114
1 0.5660566199599657 0.6502938706968934 0.03174149270803546 0.023509655751469353
1 0.5899342293394338 0.27476910159529805 0.02745210180154418 0.03232577665827036
1 0.6975979410923648 0.24748110831234257 0.028881898770374607 0.036523929471032744
1 0.7523591649985703 0.17065491183879095 0.02573634543894767 0.039882451721242655
1 0.93279954246497 0.29848866498740556 0.021732913926222477 0.04617968094038623
1 0.909350872176151 0.7153652392947103 0.02688018301401201 0.036943744752308987
1 0.8312839576780098 0.7458018471872376 0.02573634543894767 0.0382031905961377
1 0.8999142121818702 0.9047019311502938 0.0348870460394624 0.026028547439126783
0 0.19816985987989705 0.22040302267002518 0.019445238776093794 0.027707808564231738
0 0.24277952530740635 0.3809823677581864 0.01658564483843294 0.02644836272040302
0 0.21246782956820132 0.40260285474391266 0.019445238776093794 0.0218303946263644
0 0.24892765227337718 0.5822837951301427 0.014012010294538175 0.022670025188916875
0 0.28410065770660564 0.5906801007556675 0.016299685444666857 0.020990764063811923
0 0.22061767229053475 0.6838790931989924 0.0174435230197312 0.023509655751469353
0 0.6050900772090363 0.7369857262804366 0.017729482413497283 0.02644836272040302
0 0.4499571060909351 0.413727959697733 0.01858736059479554 0.02392947103274559
0 0.49056334000571916 0.3547439126784215 0.01858736059479554 0.02434928631402183
0 0.5128681727194738 0.32682619647355166 0.016299685444666857 0.025608732157850547
0 0.5228767515012868 0.35978169605373633 0.015727766657134688 0.026028547439126783
0 0.5237346296825851 0.17926112510495382 0.015727766657134688 0.028547439126784216
0 0.5015727766657134 0.213056255247691 0.015441807263368601 0.02392947103274559
0 0.7097512153274235 0.4932829554995802 0.018873319988561624 0.02938706968933669
0 0.738204175007149 0.5789252728799328 0.01858736059479554 0.027707808564231738
0 0.8238490134400915 0.5894206549118388 0.018873319988561624 0.0218303946263644
0 0.8284243637403489 0.35621326616288834 0.019445238776093794 0.02476910159529807
0 0.8172719473834715 0.26448362720403024 0.017729482413497283 0.027707808564231738
0 0.8252788104089219 0.11586901763224182 0.018873319988561624 0.02686817800167926
0 0.9546754360880755 0.9051217464315701 0.02201887331998856 0.02938706968933669
2 0.15613382899628253 0.35579345088161207 0.04346582785244495 0.03316540722082284
2 0.34386617100371747 0.0948782535684299 0.04661138118387189 0.030226700251889168
2 0.3106948813268516 0.6956339210747271 0.05061481269659708 0.026028547439126783
2 0.2547898198455819 0.8581024349286314 0.017729482413497283 0.06968933669185558
2 0.5244495281670003 0.8616708648194794 0.036030883614526735 0.049958018471872374
2 0.5865027166142408 0.6884970612930311 0.04861309694023449 0.02938706968933669
2 0.540320274521018 0.5955079764903443 0.030597655132971118 0.06087321578505458
2 0.6189591078066915 0.5503778337531486 0.037460680583357164 0.051217464315701094
2 0.42951100943666 0.4792191435768262 0.024020589076351156 0.0675902602854744
2 0.4342293394338004 0.2031905961376994 0.03402916785816414 0.055415617128463476
2 0.6875893623105519 0.4091099916036944 0.03345724907063197 0.061712846347607056
2 0.7971118101229625 0.4443744752308984 0.048899056334000573 0.0272879932829555
2 0.7233342865313126 0.5361041141897565 0.0426079496711467 0.03526448362720403
2 0.7973977695167286 0.5560453400503779 0.027166142407778097 0.07010915197313182
2 0.7452101801544181 0.09382871536523929 0.03889047755218759 0.06087321578505458
2 0.9104947097512154 0.13455079764903444 0.04861309694023449 0.036523929471032744
2 0.8594509579639691 0.1853484466834593 0.028309979982842435 0.0709487825356843
2 0.9310837861023734 0.36272040302267 0.029167858164140692 0.06717044500419815
2 0.8505862167572205 0.8809823677581864 0.03460108664569631 0.05499580184718724
2 0.9443808979124965 0.8513853904282116 0.04661138118387189 0.03190596137699412