0 0.235938 0.284028 0.015625 0.029167
0 0.220703 0.361806 0.017969 0.031944
0 0.221875 0.456944 0.021875 0.025000
0 0.293359 0.311111 0.011719 0.025000
0 0.386719 0.213194 0.015625 0.034722
0 0.475781 0.272222 0.015625 0.036111
0 0.430469 0.343750 0.015625 0.029167
0 0.384375 0.393750 0.018750 0.031944
0 0.314063 0.433333 0.020312 0.033333
0 0.328516 0.489583 0.013281 0.020833
0 0.281641 0.531944 0.019531 0.025000
0 0.389453 0.574306 0.016406 0.029167
0 0.416797 0.454167 0.013281 0.030556
0 0.425000 0.399306 0.010937 0.031944
0 0.473828 0.489583 0.021094 0.034722
0 0.491016 0.620139 0.017969 0.031944
0 0.538281 0.522917 0.020312 0.026389
0 0.502344 0.379167 0.015625 0.022222
0 0.510156 0.317361 0.014062 0.031944
0 0.538281 0.347222 0.017188 0.027778
0 0.576172 0.261111 0.016406 0.027778
0 0.576563 0.306250 0.017188 0.026389
0 0.631250 0.276389 0.012500 0.038889
0 0.652344 0.235417 0.014062 0.031944
0 0.726563 0.236111 0.014062 0.030556
0 0.701172 0.272917 0.008594 0.040278
0 0.706250 0.320139 0.018750 0.029167
0 0.767578 0.297222 0.021094 0.027778
0 0.624219 0.382639 0.012500 0.040278
0 0.674219 0.365278 0.017188 0.025000
0 0.730469 0.388889 0.014062 0.036111
0 0.674609 0.437500 0.017969 0.033333
0 0.790234 0.445833 0.022656 0.027778
0 0.629297 0.497917 0.014844 0.037500
0 0.658984 0.599306 0.021094 0.029167
0 0.742188 0.547917 0.012500 0.026389
0 0.790234 0.650000 0.021094 0.025000
0 0.418750 0.266667 0.014062 0.033333
