0 0.0600514726908779 0.15008396305625524 0.020589076351158135 0.028127623845507977
0 0.07763797540749214 0.17779177162048698 0.01973119816985988 0.02644836272040302
0 0.14655418930511868 0.15554156171284636 0.01915927938232771 0.025608732157850547
0 0.1788676008006863 0.15428211586901763 0.021446954532456392 0.02476910159529807
0 0.20932227623677438 0.15071368597816961 0.019445238776093794 0.027707808564231738
0 0.2660852158993423 0.29093198992443325 0.0174435230197312 0.02434928631402183
0 0.21690020017157563 0.3965155331654072 0.018015441807263367 0.0272879932829555
0 0.27337718044037745 0.8075146935348446 0.01658564483843294 0.028967254408060455
0 0.556905919359451 0.8620906801007556 0.016299685444666857 0.0272879932829555
0 0.5406062339147841 0.7292191435768262 0.015727766657134688 0.02518891687657431
0 0.5203031169573921 0.5913098236775819 0.01687160423219903 0.02392947103274559
0 0.5740634829854161 0.21452560873215784 0.015727766657134688 0.027707808564231738
0 0.7503574492422076 0.21515533165407222 0.017729482413497283 0.02644836272040302
0 0.6637117529310838 0.34718723761544923 0.018873319988561624 0.02434928631402183
0 0.6737203317128968 0.43282955499580184 0.018301401201029455 0.02518891687657431
0 0.775092936802974 0.42002518891687657 0.02030311695739205 0.023089840470193114
0 0.7936802973977695 0.46452560873215787 0.01858736059479554 0.025608732157850547
0 0.8701744352301973 0.8278757346767422 0.018873319988561624 0.02686817800167926
0 0.9408064054904204 0.8543240973971452 0.020017157563625966 0.026028547439126783
0 0.8850443237060337 0.9030226700251889 0.016013726050900772 0.028547439126784216
1 0.1504146411209608 0.23614609571788414 0.024020589076351156 0.03736356003358522
1 0.1579925650557621 0.34529806884970615 0.031169573920503287 0.019731318219983206
1 0.3308550185873606 0.14336691855583544 0.032027452101801544 0.02225020990764064
1 0.15384615384615385 0.468303946263644 0.02630826422647984 0.035684298908480266
1 0.22547898198455818 0.5913098236775819 0.03002573634543895 0.019731318219983206
1 0.30554761223906207 0.6717044500419815 0.02030311695739205 0.041981528127623846
1 0.6338289962825279 0.896095717884131 0.023734629682585072 0.05079764903442485
1 0.5410351730054332 0.924433249370277 0.030883614526737203 0.02938706968933669
1 0.5450386045181584 0.767632241813602 0.02287675150128682 0.03400503778337532
1 0.5925078638833285 0.702350965575147 0.02630826422647984 0.02518891687657431
1 0.5062911066628539 0.6740134340890008 0.016299685444666857 0.04408060453400504
1 0.6322562196168144 0.5088161209068011 0.019445238776093794 0.03946263643996641
1 0.5055762081784386 0.34445843828715367 0.02688018301401201 0.028967254408060455
1 0.6860165856448385 0.380352644836272 0.02802402058907635 0.02434928631402183
1 0.7975407492136116 0.36754827875734675 0.02973977695167286 0.020570948782535684
1 0.8335716328281384 0.35726280436607893 0.02973977695167286 0.022670025188916875
1 0.8008292822419216 0.5591939546599496 0.03345724907063197 0.019311502938706968
1 0.8084072061767229 0.5942485306465155 0.024020589076351156 0.03400503778337532
1 0.8308550185873605 0.7556675062972292 0.027738061195310266 0.03442485306465155
1 0.8571632828138405 0.8805625524769102 0.026022304832713755 0.04072208228379513
2 0.21089505290248783 0.24265323257766583 0.02030311695739205 0.07220822837951302
2 0.27738061195310265 0.24286314021830394 0.03774663997712325 0.061712846347607056
2 0.34701172433514443 0.09319899244332494 0.04661138118387189 0.028547439126784216
2 0.24006291106662853 0.3698572628043661 0.03917643694595367 0.05037783375314862
2 0.25178724621103804 0.716414777497901 0.04603946239633972 0.030646515533165407
2 0.3332856734343723 0.698992443324937 0.037460680583357164 0.04953820319059614
2 0.25550471832999716 0.77455919395466 0.04775521875893623 0.02686817800167926
2 0.24678295682013154 0.8667086481947943 0.03831855876465542 0.061712846347607056
2 0.46153846153846156 0.6561712846347607 0.042321990277380615 0.04534005037783375
2 0.6145267372033171 0.5627623845507976 0.024020589076351156 0.06926952141057935
2 0.43094080640549043 0.45843828715365237 0.032027452101801544 0.055415617128463476
2 0.5158707463540178 0.43807724601175485 0.021160995138690308 0.06842989084802686
2 0.5849299399485273 0.29429051217464314 0.028309979982842435 0.06968933669185558
2 0.7542179010580498 0.11733837111670865 0.03631684300829282 0.05667506297229219
2 0.828710323134115 0.22439126784214947 0.020017157563625966 0.07262804366078925
2 0.701458392908207 0.267632241813602 0.02745210180154418 0.06842989084802686
2 0.9176436945953674 0.13832913518052056 0.04460966542750929 0.04659949622166247
2 0.7269087789533886 0.5327455919395466 0.029167858164140692 0.06381192275398824
2 0.9220760651987417 0.7149454240134341 0.04375178724621104 0.0327455919395466
2 0.912782384901344 0.9089000839630562 0.02630826422647984 0.0654911838790932