0 0.2166078629032258 0.34610215053763443 0.015372983870967742 0.03024193548387097
0 0.38671875 0.1742271505376344 0.010836693548387098 0.017137096774193547
0 0.4407762096774194 0.2626008064516129 0.011592741935483871 0.014448924731182795
0 0.3936491935483871 0.3432459677419355 0.009072580645161291 0.01646505376344086
0 0.48462701612903225 0.318380376344086 0.009072580645161291 0.02049731182795699
0 0.5226814516129032 0.30997983870967744 0.009072580645161291 0.017137096774193547
0 0.44392641129032256 0.3966733870967742 0.012852822580645162 0.017137096774193547
0 0.4721522177419355 0.3966733870967742 0.013860887096774193 0.018481182795698926
0 0.5064264112903226 0.3971774193548387 0.014868951612903226 0.014112903225806451
0 0.5737147177419355 0.32006048387096775 0.011844758064516129 0.01646505376344086
0 0.5905997983870968 0.27872983870967744 0.011844758064516129 0.015793010752688172
0 0.65234375 0.19993279569892472 0.008820564516129033 0.02956989247311828
0 0.7339969758064516 0.20530913978494625 0.01839717741935484 0.018145161290322582
0 0.71484375 0.26780913978494625 0.008820564516129033 0.026881720430107527
0 0.7521421370967742 0.25268817204301075 0.018901209677419355 0.01747311827956989
0 0.7081653225806451 0.3385416666666667 0.018145161290322582 0.017137096774193547
0 0.6001764112903226 0.3553427419354839 0.011844758064516129 0.021169354838709676
0 0.6484375 0.4223790322580645 0.011592741935483871 0.020833333333333332
0 0.7004788306451613 0.3862567204301075 0.01033266129032258 0.024529569892473117
0 0.7201360887096774 0.42086693548387094 0.019909274193548387 0.01310483870967742
0 0.6711189516129032 0.4952956989247312 0.009072580645161291 0.02486559139784946
0 0.6578881048387096 0.5535954301075269 0.017389112903225805 0.014448924731182795
0 0.5543094758064516 0.574260752688172 0.008820564516129033 0.02486559139784946
0 0.4930695564516129 0.5467069892473119 0.014364919354838709 0.012768817204301076
0 0.563508064516129 0.620127688172043 0.012096774193548387 0.021169354838709676
0 0.5102066532258065 0.7405913978494624 0.014364919354838709 0.015456989247311828
0 0.7753276209677419 0.7121975806451613 0.015372983870967742 0.017137096774193547
0 0.7859122983870968 0.4806787634408602 0.015372983870967742 0.014448924731182795
2 0.19203629032258066 0.543010752688172 0.02721774193548387 0.051075268817204304
2 0.23021673387096775 0.2963709677419355 0.03704637096774194 0.03024193548387097
2 0.2652469758064516 0.3640793010752688 0.01839717741935484 0.044690860215053765
2 0.3785282258064516 0.20833333333333334 0.014616935483870967 0.04704301075268817
2 0.3610131048387097 0.38961693548387094 0.01688508064516129 0.050067204301075266
2 0.4191028225806452 0.332997311827957 0.018649193548387098 0.035618279569892476
2 0.3186743951612903 0.545866935483871 0.03704637096774194 0.021841397849462367
2 0.3233366935483871 0.6009744623655914 0.027721774193548387 0.04603494623655914
2 0.2899445564516129 0.6663306451612904 0.030493951612903226 0.038978494623655914
2 0.4174647177419355 0.6560819892473119 0.04359879032258065 0.021169354838709676
2 0.46585181451612906 0.7326948924731183 0.03150201612903226 0.047379032258064516
2 0.5031502016129032 0.6108870967741935 0.013860887096774193 0.05241935483870968
2 0.4173387096774194 0.5025201612903226 0.018649193548387098 0.04603494623655914
2 0.4884072580645161 0.24546370967741934 0.02066532258064516 0.03797043010752688
2 0.5393145161290323 0.2740255376344086 0.015120967741935484 0.0480510752688172
2 0.6024445564516129 0.4206989247311828 0.015877016129032258 0.04704301075268817
2 0.5563256048387096 0.535114247311828 0.014364919354838709 0.04133064516129032
2 0.6798135080645161 0.6139112903225806 0.02444556451612903 0.05241935483870968
2 0.7574344758064516 0.6026545698924731 0.04107862903225806 0.023185483870967742
2 0.7884324596774194 0.6722110215053764 0.01688508064516129 0.05342741935483871
2 0.6685987903225806 0.44489247311827956 0.021169354838709676 0.04973118279569892
2 0.6413810483870968 0.3587029569892473 0.02620967741935484 0.03662634408602151
2 0.735383064516129 0.3487903225806452 0.038306451612903226 0.01881720430107527
2 0.8159022177419355 0.34106182795698925 0.022933467741935484 0.046370967741935484
2 0.7298387096774194 0.2933467741935484 0.034274193548387094 0.025537634408602152
2 0.6583921370967742 0.2762096774193548 0.028981854838709676 0.03293010752688172
2 0.7831401209677419 0.21790994623655913 0.02847782258064516 0.03595430107526882
2 0.19770665322580644 0.4415322580645161 0.0234375 0.04838709677419355
1 0.2212701612903226 0.23353494623655913 0.023689516129032258 0.02889784946236559
1 0.25592237903225806 0.2350470430107527 0.01839717741935484 0.03326612903225806
1 0.28225806451612906 0.29939516129032256 0.011592741935483871 0.033602150537634407
1 0.3123739919354839 0.3229166666666667 0.012852822580645162 0.03494623655913978
1 0.3737399193548387 0.2906586021505376 0.02217741935483871 0.03024193548387097
1 0.30758568548387094 0.3971774193548387 0.012852822580645162 0.033602150537634407
1 0.3504284274193548 0.6105510752688172 0.017893145161290324 0.033602150537634407
1 0.3823084677419355 0.49714381720430106 0.017641129032258066 0.03326612903225806
1 0.38533266129032256 0.4153225806451613 0.021169354838709676 0.03024193548387097
1 0.5924899193548387 0.23823924731182797 0.014112903225806451 0.03293010752688172
1 0.5482610887096774 0.3450940860215054 0.013860887096774193 0.034274193548387094
1 0.4891633064516129 0.3484543010752688 0.010584677419354838 0.03225806451612903
1 0.5379284274193549 0.3960013440860215 0.017389112903225805 0.028561827956989246
1 0.45413306451612906 0.4729502688172043 0.016129032258064516 0.03125
1 0.5167590725806451 0.48269489247311825 0.017893145161290324 0.028561827956989246
1 0.4895413306451613 0.5025201612903226 0.016381048387096774 0.02788978494623656
1 0.4620715725806452 0.5334341397849462 0.013860887096774193 0.03125
1 0.555695564516129 0.6957325268817204 0.011592741935483871 0.03461021505376344
1 0.614289314516129 0.6379368279569892 0.011844758064516129 0.03595430107526882
1 0.6033266129032258 0.5040322580645161 0.01310483870967742 0.03024193548387097
1 0.6984627016129032 0.4447244623655914 0.0234375 0.02049731182795699
1 0.734375 0.4329637096774194 0.015120967741935484 0.03393817204301075
1 0.7171118951612904 0.5347782258064516 0.017893145161290324 0.03326612903225806
1 0.8229586693548387 0.5656922043010753 0.024949596774193547 0.023185483870967742
1 0.8532006048387096 0.6905241935483871 0.01940524193548387 0.036290322580645164
1 0.6843497983870968 0.7063172043010753 0.021925403225806453 0.025537634408602152
1 0.5733366935483871 0.4430443548387097 0.012096774193548387 0.03393817204301075
1 0.6672127016129032 0.21992607526881722 0.012348790322580645 0.03326612903225806