0 0.261719 0.165972 0.021875 0.031944
0 0.229687 0.252778 0.015625 0.025000
0 0.182031 0.315278 0.020312 0.030556
0 0.231250 0.425694 0.021875 0.026389
0 0.470703 0.201389 0.021094 0.036111
0 0.348047 0.224306 0.014844 0.040278
0 0.312891 0.293056 0.017969 0.036111
0 0.340625 0.404167 0.017188 0.030556
0 0.353906 0.509722 0.021875 0.025000
0 0.422266 0.504167 0.010156 0.027778
0 0.442187 0.602778 0.020312 0.033333
0 0.428516 0.298611 0.014844 0.036111
0 0.479688 0.341667 0.020312 0.030556
0 0.507031 0.288889 0.014062 0.030556
0 0.546094 0.238194 0.012500 0.037500
0 0.589844 0.181944 0.017188 0.027778
0 0.600781 0.250000 0.012500 0.038889
0 0.593359 0.313889 0.021094 0.027778
0 0.557813 0.370833 0.021875 0.025000
0 0.508594 0.456250 0.025000 0.020833
0 0.505078 0.517361 0.024219 0.029167
0 0.585547 0.498611 0.011719 0.044444
0 0.606641 0.662500 0.017969 0.033333
0 0.632031 0.443056 0.014062 0.033333
0 0.635938 0.340278 0.015625 0.033333
0 0.689062 0.304861 0.021875 0.029167
0 0.696875 0.245139 0.015625 0.029167
0 0.678516 0.373611 0.028906 0.033333
0 0.720703 0.352778 0.016406 0.030556
0 0.756641 0.256944 0.022656 0.036111
0 0.778125 0.343056 0.021875 0.036111
0 0.798437 0.461111 0.023438 0.027778
0 0.716406 0.448611 0.026563 0.025000
0 0.741406 0.504167 0.023438 0.030556
0 0.707031 0.614583 0.026563 0.023611
0 0.753516 0.613889 0.016406 0.038889
0 0.796875 0.581250 0.023438 0.026389
0 0.789453 0.660417 0.025781 0.031944
