0 0.273047 0.284028 0.025781 0.031944
0 0.256641 0.410417 0.017969 0.026389
0 0.350781 0.335417 0.025000 0.031944
0 0.460938 0.192361 0.014062 0.034722
0 0.495703 0.285417 0.016406 0.048611
0 0.510156 0.408333 0.017188 0.033333
0 0.508984 0.484028 0.025781 0.029167
0 0.462109 0.474306 0.016406 0.031944
0 0.383594 0.525694 0.015625 0.026389
0 0.272266 0.550000 0.016406 0.025000
0 0.357422 0.663194 0.014844 0.037500
0 0.404687 0.604861 0.023438 0.029167
0 0.474219 0.718750 0.026563 0.023611
0 0.499219 0.563889 0.025000 0.027778
0 0.560938 0.311806 0.023438 0.031944
0 0.587500 0.462500 0.017188 0.022222
0 0.592969 0.381250 0.017188 0.043056
0 0.556250 0.606944 0.028125 0.025000
0 0.577344 0.767361 0.026563 0.031944
0 0.620313 0.650694 0.029687 0.020833
0 0.623828 0.424306 0.030469 0.029167
0 0.664063 0.306944 0.025000 0.025000
0 0.662500 0.369444 0.025000 0.033333
0 0.718359 0.340278 0.017969 0.038889
0 0.743750 0.289583 0.020312 0.031944
0 0.805859 0.300000 0.021094 0.022222
0 0.779688 0.349306 0.017188 0.029167
0 0.834766 0.386111 0.024219 0.025000
0 0.781250 0.406944 0.023438 0.025000
0 0.749219 0.463194 0.023438 0.029167
0 0.702734 0.487500 0.019531 0.033333
0 0.744922 0.552083 0.024219 0.026389
0 0.701172 0.625694 0.021094 0.020833
0 0.795313 0.500000 0.017188 0.033333
0 0.835156 0.570139 0.025000 0.034722
0 0.790625 0.679167 0.017188 0.022222
0 0.720312 0.736806 0.025000 0.026389
0 0.817969 0.788889 0.028125 0.027778
