0 0.292188 0.377083 0.020312 0.026389
0 0.323047 0.374306 0.016406 0.026389
0 0.367969 0.384028 0.020312 0.026389
0 0.418359 0.295833 0.017969 0.022222
0 0.296484 0.438889 0.016406 0.022222
0 0.320703 0.444444 0.017969 0.019444
0 0.284375 0.465972 0.020312 0.023611
0 0.304297 0.597917 0.021094 0.023611
0 0.366406 0.588194 0.020312 0.026389
0 0.378906 0.487500 0.018750 0.022222
0 0.380469 0.627778 0.023438 0.027778
0 0.345313 0.639583 0.018750 0.029167
0 0.373828 0.698611 0.019531 0.027778
0 0.475391 0.334028 0.016406 0.023611
0 0.457422 0.409722 0.014844 0.025000
0 0.467969 0.493056 0.025000 0.027778
0 0.482031 0.565278 0.015625 0.027778
0 0.453125 0.629861 0.020312 0.029167
0 0.476953 0.679167 0.017969 0.036111
0 0.481641 0.721528 0.022656 0.020833
0 0.528516 0.594444 0.022656 0.025000
0 0.538672 0.425000 0.011719 0.030556
0 0.543750 0.305556 0.012500 0.027778
0 0.600781 0.384028 0.014062 0.020833
0 0.613672 0.331250 0.019531 0.018056
0 0.727734 0.273611 0.013281 0.033333
0 0.689844 0.413889 0.017188 0.027778
0 0.627734 0.542361 0.025781 0.023611
0 0.744922 0.406944 0.014844 0.030556
0 0.817969 0.356944 0.015625 0.025000
0 0.826172 0.294444 0.019531 0.027778
0 0.712891 0.577778 0.019531 0.025000
0 0.653516 0.679167 0.014844 0.022222
0 0.634766 0.725694 0.017969 0.026389
0 0.658984 0.761111 0.014844 0.019444
0 0.712500 0.713194 0.015625 0.029167
0 0.758984 0.661111 0.017969 0.025000
0 0.754687 0.761111 0.014062 0.022222
