0 0.223438 0.236111 0.020312 0.025000
0 0.213281 0.341667 0.014062 0.025000
0 0.296875 0.275000 0.018750 0.030556
0 0.392188 0.151389 0.017188 0.027778
0 0.432813 0.227778 0.017188 0.033333
0 0.447266 0.331944 0.014844 0.025000
0 0.406641 0.392361 0.013281 0.026389
0 0.331250 0.438889 0.015625 0.022222
0 0.232422 0.464583 0.016406 0.020833
0 0.312500 0.564583 0.014062 0.029167
0 0.356250 0.503472 0.017188 0.023611
0 0.446484 0.471528 0.019531 0.020833
0 0.426953 0.609722 0.022656 0.027778
0 0.453516 0.403472 0.021094 0.023611
0 0.494531 0.242361 0.020312 0.040278
0 0.527344 0.378472 0.017188 0.023611
0 0.529297 0.302778 0.017969 0.033333
0 0.596094 0.236806 0.021875 0.029167
0 0.595703 0.290972 0.024219 0.031944
0 0.563281 0.214583 0.017188 0.029167
0 0.561328 0.347917 0.022656 0.034722
0 0.505078 0.515972 0.024219 0.026389
0 0.569531 0.547917 0.026563 0.029167
0 0.531641 0.652778 0.025781 0.022222
0 0.652344 0.523611 0.014062 0.030556
0 0.641797 0.394444 0.017969 0.030556
0 0.648438 0.261806 0.015625 0.031944
0 0.669141 0.218750 0.013281 0.031944
0 0.735156 0.218750 0.014062 0.023611
0 0.710938 0.262500 0.015625 0.041667
0 0.716016 0.315972 0.022656 0.026389
0 0.769141 0.295833 0.027344 0.030556
0 0.735547 0.402778 0.016406 0.030556
0 0.689062 0.372222 0.031250 0.016667
0 0.687500 0.455556 0.028125 0.030556
0 0.788672 0.470833 0.024219 0.022222
0 0.748828 0.570833 0.016406 0.022222
0 0.677734 0.625000 0.025781 0.022222
0 0.784375 0.677778 0.020312 0.025000
