0 0.397266 0.448611 0.014844 0.025000
0 0.444141 0.417361 0.017969 0.026389
0 0.495313 0.345833 0.012500 0.022222
0 0.408984 0.509722 0.014844 0.022222
0 0.512500 0.502778 0.010937 0.025000
0 0.519922 0.396528 0.011719 0.029167
0 0.553125 0.361806 0.012500 0.029167
0 0.585156 0.384722 0.014062 0.030556
0 0.608203 0.340972 0.014844 0.023611
0 0.603125 0.425694 0.012500 0.031944
0 0.566016 0.470139 0.019531 0.029167
0 0.639844 0.390972 0.014062 0.029167
0 0.633984 0.473611 0.010156 0.022222
0 0.435156 0.629861 0.015625 0.023611
0 0.521484 0.555556 0.017969 0.022222
0 0.551172 0.564583 0.019531 0.023611
0 0.524219 0.627083 0.018750 0.020833
0 0.473437 0.700000 0.017188 0.036111
0 0.537109 0.686806 0.010156 0.023611
0 0.634375 0.559028 0.018750 0.031944
0 0.686328 0.645833 0.017969 0.019444
0 0.650000 0.675694 0.021875 0.023611
0 0.733594 0.733333 0.014062 0.022222
0 0.740234 0.581944 0.014844 0.036111
0 0.684375 0.417361 0.021875 0.026389
0 0.700391 0.361806 0.022656 0.026389
0 0.748438 0.275000 0.014062 0.030556
0 0.743750 0.398611 0.015625 0.033333
0 0.781641 0.338194 0.014844 0.034722
0 0.834375 0.339583 0.014062 0.031944
0 0.799609 0.379861 0.019531 0.020833
0 0.784375 0.413194 0.023438 0.018056
0 0.826563 0.427778 0.014062 0.025000
0 0.778906 0.459028 0.020312 0.020833
0 0.754297 0.476389 0.017969 0.033333
0 0.795313 0.550000 0.020312 0.025000
0 0.869922 0.557639 0.024219 0.023611
0 0.840234 0.649306 0.017969 0.020833
0 0.894922 0.680556 0.021094 0.019444
