1 0.1315413211323992 0.1395885810243493 0.017729482413497283 0.04659949622166247
1 0.2720903631684301 0.22942905121746432 0.023162710895052903 0.04240134340890008
1 0.29253645982270515 0.25692695214105793 0.021160995138690308 0.04450041981528128
1 0.21389762653703173 0.35768261964735515 0.02802402058907635 0.0218303946263644
1 0.1432656562768087 0.47795969773299746 0.03259937088933371 0.019731318219983206
1 0.2532170431798685 0.8154911838790933 0.03174149270803546 0.02476910159529807
1 0.275092936802974 0.6635180520570949 0.03259937088933371 0.02392947103274559
1 0.47068916213897627 0.6099916036943744 0.024020589076351156 0.037783375314861464
1 0.5417500714898484 0.5936188077246012 0.026022304832713755 0.03442485306465155
1 0.419502430654847 0.4991603694374475 0.028595939376608523 0.031066330814441646
1 0.5327423505862168 0.1658270361041142 0.029167858164140692 0.02518891687657431
1 0.5041464112096082 0.20340050377833754 0.02745210180154418 0.023089840470193114
1 0.6871604232199028 0.4290512174643157 0.031455533314269375 0.022670025188916875
1 0.815127251930226 0.5787153652392947 0.018015441807263367 0.04659949622166247
1 0.7174721189591078 0.4991603694374475 0.030311695739205034 0.02686817800167926
1 0.9200743494423792 0.12405541561712846 0.03002573634543895 0.04240134340890008
1 0.8337146125250214 0.12951301427371956 0.03974835573348585 0.028127623845507977
1 0.8577352016013726 0.9044920235096557 0.02259079210752073 0.04575986565910999
1 0.9309408064054904 0.8511754827875735 0.031169573920503287 0.03484466834592779
1 0.889476694309408 0.9086901763224181 0.03231341149556763 0.030646515533165407
0 0.15070060051472692 0.24202350965575148 0.022304832713754646 0.02392947103274559
0 0.16285387474978552 0.35516372795969775 0.01687160423219903 0.022670025188916875
0 0.23505862167572206 0.3897984886649874 0.017157563625965114 0.021410579345088162
0 0.2077494995710609 0.41204869857262805 0.0174435230197312 0.020570948782535684
0 0.2663711752931084 0.2936607892527288 0.018015441807263367 0.02476910159529807
0 0.5197311981698599 0.4412258606213266 0.018015441807263367 0.027707808564231738
0 0.6285387474978553 0.5394626364399664 0.018873319988561624 0.02686817800167926
0 0.6211038032599371 0.605583543240974 0.019445238776093794 0.02476910159529807
0 0.48498713182728054 0.36607892527287994 0.017157563625965114 0.02434928631402183
0 0.5121532742350586 0.3337531486146096 0.01658564483843294 0.027707808564231738
0 0.6150986559908493 0.22565071368597817 0.018301401201029455 0.02644836272040302
0 0.5879325135830712 0.2968094038623006 0.019445238776093794 0.027707808564231738
0 0.6860165856448385 0.3807724601175483 0.018873319988561624 0.028547439126784216
0 0.7533600228767515 0.16288832913518053 0.02030311695739205 0.028547439126784216
0 0.7935373177008864 0.27120067170445006 0.01658564483843294 0.031066330814441646
0 0.8235630540463255 0.2579764903442485 0.018301401201029455 0.02644836272040302
0 0.7738061195310266 0.4256926952141058 0.021160995138690308 0.027707808564231738
0 0.8201315413211324 0.46116708648194793 0.018873319988561624 0.023089840470193114
0 0.7423505862167572 0.5484886649874056 0.019445238776093794 0.025608732157850547
0 0.8721761509865599 0.8755247691015953 0.018873319988561624 0.025608732157850547
2 0.3305690591935945 0.08711167086481948 0.04804117815270231 0.0272879932829555
2 0.2271947383471547 0.581024349286314 0.04603946239633972 0.02434928631402183
2 0.2412067486416929 0.716414777497901 0.041464112096082355 0.04575986565910999
2 0.3345724907063197 0.713056255247691 0.021732913926222477 0.06926952141057935
2 0.3056905919359451 0.6717044500419815 0.019445238776093794 0.07388748950461797
2 0.248355733485845 0.8849706129303107 0.023162710895052903 0.0688497061293031
2 0.6332570774949957 0.9070109151973131 0.03517300543322848 0.061712846347607056
2 0.5436088075493279 0.8631402183039463 0.0406062339147841 0.0436607892527288
2 0.5496139548184158 0.9168765743073047 0.028595939376608523 0.07052896725440806
2 0.5333142693737489 0.7712006717044501 0.03660280240205891 0.060453400503778336
2 0.5796396911638547 0.7075986565910999 0.02688018301401201 0.06675062972292191
2 0.5580497569345153 0.746431570109152 0.036888761795824995 0.05289672544080604
2 0.4972833857592222 0.677791771620487 0.04175007148984844 0.04072208228379513
2 0.43465827852444955 0.6494542401343409 0.0406062339147841 0.04617968094038623
2 0.4152130397483557 0.32829554995801846 0.0348870460394624 0.05877413937867338
2 0.4389476694309408 0.4445843828715365 0.04175007148984844 0.051217464315701094
2 0.7017443523019731 0.24370277078085642 0.04003431512725193 0.05751469353484467
2 0.8341435516156706 0.35537363560033586 0.028595939376608523 0.06591099916036944
2 0.838861881612811 0.7546179680940386 0.03574492422076065 0.061712846347607056
2 0.9217901058049757 0.7292191435768262 0.0426079496711467 0.04450041981528128