0 0.204688 0.368056 0.025000 0.033333
0 0.532031 0.335417 0.018750 0.034722
0 0.446094 0.359028 0.018750 0.037500
0 0.419141 0.438889 0.017969 0.027778
0 0.379297 0.299306 0.013281 0.031944
0 0.248437 0.371528 0.017188 0.045833
0 0.312891 0.392361 0.022656 0.029167
0 0.243750 0.453472 0.021875 0.031944
0 0.210156 0.445833 0.012500 0.041667
0 0.186719 0.479861 0.026563 0.031944
0 0.212109 0.636111 0.021094 0.027778
0 0.318359 0.520139 0.019531 0.023611
0 0.295703 0.639583 0.019531 0.040278
0 0.267969 0.703472 0.010937 0.026389
0 0.301562 0.774306 0.018750 0.034722
0 0.409375 0.688194 0.020312 0.026389
0 0.435937 0.539583 0.017188 0.023611
0 0.449219 0.616667 0.018750 0.033333
0 0.434375 0.747222 0.014062 0.038889
0 0.442187 0.802778 0.020312 0.027778
0 0.499219 0.655556 0.034375 0.030556
0 0.523438 0.461111 0.021875 0.044444
0 0.594531 0.434722 0.026563 0.030556
0 0.607031 0.381250 0.023438 0.037500
0 0.616406 0.612500 0.025000 0.033333
0 0.641797 0.761111 0.027344 0.036111
0 0.613672 0.809028 0.019531 0.026389
0 0.642187 0.843750 0.017188 0.031944
0 0.699219 0.798611 0.020312 0.025000
0 0.740625 0.849306 0.021875 0.040278
0 0.746484 0.745139 0.024219 0.029167
0 0.706250 0.654167 0.015625 0.025000
0 0.682813 0.479861 0.015625 0.026389
0 0.726953 0.344444 0.022656 0.030556
0 0.739844 0.482639 0.014062 0.026389
0 0.811328 0.436806 0.021094 0.029167
0 0.818359 0.377778 0.016406 0.030556
0 0.316797 0.688194 0.021094 0.034722
