0 0.271484 0.357639 0.022656 0.023611
0 0.303125 0.354861 0.014062 0.029167
0 0.271094 0.412500 0.015625 0.038889
0 0.291797 0.421528 0.017969 0.026389
0 0.251563 0.439583 0.020312 0.031944
0 0.345313 0.370139 0.018750 0.023611
0 0.408984 0.293056 0.016406 0.027778
0 0.340234 0.471528 0.022656 0.023611
0 0.253125 0.572222 0.023438 0.036111
0 0.311719 0.575000 0.021875 0.030556
0 0.321484 0.616667 0.022656 0.025000
0 0.284766 0.626389 0.017969 0.025000
0 0.301953 0.688194 0.019531 0.037500
0 0.394141 0.627083 0.021094 0.026389
0 0.412109 0.677778 0.017969 0.038889
0 0.411328 0.731250 0.024219 0.031944
0 0.432031 0.565972 0.020312 0.026389
0 0.429688 0.493750 0.023438 0.031944
0 0.426953 0.406250 0.024219 0.026389
0 0.453125 0.333333 0.017188 0.027778
0 0.526563 0.313194 0.015625 0.034722
0 0.507422 0.425000 0.014844 0.030556
0 0.578125 0.396528 0.015625 0.031944
0 0.593359 0.346528 0.025781 0.020833
0 0.717969 0.304167 0.017188 0.047222
0 0.819531 0.334028 0.018750 0.037500
0 0.804688 0.394444 0.017188 0.033333
0 0.720703 0.436806 0.016406 0.040278
0 0.664844 0.440278 0.020312 0.033333
0 0.586719 0.566667 0.026563 0.033333
0 0.476172 0.602083 0.024219 0.034722
0 0.596875 0.715278 0.015625 0.025000
0 0.569531 0.762500 0.023438 0.030556
0 0.590234 0.806250 0.017969 0.026389
0 0.656641 0.761111 0.016406 0.027778
0 0.671484 0.611806 0.025781 0.031944
0 0.714063 0.715278 0.021875 0.027778
0 0.696875 0.824306 0.017188 0.029167
