0 0.291016 0.229167 0.019531 0.033333
0 0.322656 0.233333 0.015625 0.033333
0 0.435937 0.185417 0.015625 0.026389
0 0.366406 0.255556 0.021875 0.022222
0 0.307031 0.300000 0.021875 0.019444
0 0.285547 0.286111 0.017969 0.033333
0 0.264062 0.311111 0.020312 0.030556
0 0.254687 0.440278 0.020312 0.027778
0 0.317578 0.455556 0.022656 0.027778
0 0.351563 0.359028 0.021875 0.026389
0 0.323438 0.498611 0.023438 0.022222
0 0.285937 0.502083 0.015625 0.029167
0 0.299219 0.568750 0.020312 0.037500
0 0.398438 0.519444 0.020312 0.027778
0 0.409375 0.575694 0.017188 0.031944
0 0.405469 0.626389 0.028125 0.027778
0 0.441406 0.467361 0.021875 0.026389
0 0.441016 0.390278 0.024219 0.027778
0 0.448438 0.303472 0.014062 0.029167
0 0.482812 0.237500 0.018750 0.033333
0 0.557813 0.231944 0.015625 0.036111
0 0.526563 0.340972 0.015625 0.031944
0 0.600781 0.320139 0.020312 0.026389
0 0.623438 0.275694 0.021875 0.031944
0 0.482422 0.507639 0.025781 0.031944
0 0.592969 0.490278 0.023438 0.027778
0 0.591016 0.636806 0.021094 0.031944
0 0.558594 0.675694 0.023438 0.026389
0 0.578516 0.725694 0.019531 0.023611
0 0.646484 0.690278 0.017969 0.030556
0 0.679297 0.754167 0.021094 0.027778
0 0.704687 0.652778 0.018750 0.025000
0 0.674219 0.547917 0.023438 0.031944
0 0.683984 0.382639 0.016406 0.034722
0 0.739844 0.390972 0.015625 0.034722
0 0.747266 0.252778 0.019531 0.041667
0 0.822656 0.362500 0.015625 0.025000
0 0.843750 0.306250 0.023438 0.037500
