0 0.335156 0.302778 0.015625 0.027778
0 0.339063 0.379167 0.010937 0.033333
0 0.314844 0.406250 0.015625 0.037500
0 0.378516 0.319444 0.011719 0.022222
0 0.373047 0.397222 0.013281 0.022222
0 0.440234 0.345139 0.016406 0.029167
0 0.505078 0.264583 0.013281 0.026389
0 0.439453 0.463889 0.016406 0.030556
0 0.334766 0.570833 0.014844 0.022222
0 0.419922 0.574306 0.017969 0.023611
0 0.432813 0.627778 0.014062 0.033333
0 0.388281 0.636806 0.021875 0.023611
0 0.416016 0.709722 0.014844 0.038889
0 0.517969 0.638194 0.014062 0.031944
0 0.543750 0.693750 0.021875 0.026389
0 0.545313 0.740972 0.018750 0.023611
0 0.563281 0.332639 0.017188 0.034722
0 0.537500 0.404167 0.020312 0.030556
0 0.547656 0.499306 0.014062 0.020833
0 0.555078 0.574306 0.014844 0.029167
0 0.623438 0.443750 0.015625 0.026389
0 0.636719 0.325694 0.017188 0.026389
0 0.703906 0.375694 0.017188 0.026389
0 0.685156 0.420139 0.020312 0.023611
0 0.600391 0.615278 0.025781 0.030556
0 0.704297 0.582639 0.016406 0.026389
0 0.759766 0.472222 0.019531 0.033333
0 0.796484 0.363889 0.021094 0.030556
0 0.805469 0.479861 0.015625 0.031944
0 0.869141 0.404861 0.016406 0.029167
0 0.858594 0.452778 0.018750 0.027778
0 0.771484 0.626389 0.016406 0.022222
0 0.800000 0.708333 0.015625 0.025000
0 0.761719 0.750694 0.026563 0.034722
0 0.792188 0.797917 0.014062 0.026389
0 0.714453 0.716667 0.024219 0.025000
0 0.694531 0.759028 0.017188 0.037500
0 0.713672 0.793750 0.014844 0.029167
