0 0.14884186445524736 0.24874055415617127 0.01973119816985988 0.02644836272040302
0 0.23062625107234772 0.27267002518891686 0.01915927938232771 0.030646515533165407
0 0.4043465827852445 0.3146515533165407 0.01658564483843294 0.02644836272040302
0 0.14912782384901344 0.34634760705289674 0.02030311695739205 0.027707808564231738
0 0.24821275378896196 0.5703190596137699 0.017157563625965114 0.02392947103274559
0 0.3144123534458107 0.6899664147774979 0.015727766657134688 0.02392947103274559
0 0.2647983986273949 0.8089840470193115 0.017729482413497283 0.020990764063811923
0 0.4872748069774092 0.6370696893366918 0.01658564483843294 0.02392947103274559
0 0.5394623963397197 0.5801847187237615 0.0174435230197312 0.02686817800167926
0 0.5606233914784101 0.593198992443325 0.01858736059479554 0.02434928631402183
0 0.587360594795539 0.6905961376994123 0.017157563625965114 0.023509655751469353
0 0.547040320274521 0.8721662468513854 0.016013726050900772 0.02392947103274559
0 0.42579353731770087 0.4821578505457599 0.017729482413497283 0.025608732157850547
0 0.44709751215327426 0.4359781696053736 0.015727766657134688 0.0272879932829555
0 0.5024306548470118 0.25377833753148615 0.01658564483843294 0.0272879932829555
0 0.48899056334000573 0.21263643996641476 0.015441807263368601 0.028967254408060455
0 0.5880754932799542 0.315071368597817 0.01687160423219903 0.030646515533165407
0 0.7603660280240205 0.1572208228379513 0.017729482413497283 0.031486146095717885
0 0.8292822419216471 0.1309823677581864 0.020017157563625966 0.030226700251889168
0 0.8787532170431799 0.1660369437447523 0.020017157563625966 0.03232577665827036
0 0.6981698598798971 0.2716204869857263 0.01915927938232771 0.02938706968933669
0 0.7130397483557335 0.3022670025188917 0.01858736059479554 0.030226700251889168
0 0.6138118387189019 0.5220403022670025 0.01973119816985988 0.023089840470193114
1 0.19774092078924793 0.24958018471872376 0.021446954532456392 0.03400503778337532
1 0.22848155561910208 0.3900083963056255 0.019445238776093794 0.028547439126784216
1 0.16285387474978552 0.4760705289672544 0.023734629682585072 0.030226700251889168
1 0.4606805833571633 0.6261544920235097 0.017729482413497283 0.025608732157850547
1 0.5297397769516728 0.7541981528127624 0.013440091507006004 0.021410579345088162
1 0.5061481269659708 0.18870696893366917 0.01658564483843294 0.02980688497061293
1 0.7436374034887046 0.1746431570109152 0.02030311695739205 0.03190596137699412
1 0.8228481555619102 0.4617968094038623 0.02259079210752073 0.030226700251889168
1 0.7206176722905347 0.5111251049538204 0.020017157563625966 0.0272879932829555
1 0.7337718044037747 0.5486985726280437 0.022304832713754646 0.02938706968933669
1 0.6502716614240778 0.6081024349286314 0.020589076351158135 0.0272879932829555
2 0.28495853588790393 0.2596557514693535 0.01915927938232771 0.03400503778337532
2 0.3335716328281384 0.12573467674223343 0.02087503574492422 0.036523929471032744
2 0.4299399485273091 0.20612930310663308 0.014583929082070346 0.033585222502099076
2 0.2963969116385473 0.6597397145256088 0.01915927938232771 0.02476910159529807
2 0.2552187589362311 0.7153652392947103 0.01915927938232771 0.02434928631402183
2 0.5022876751501287 0.34844668345927793 0.01687160423219903 0.03190596137699412
2 0.9009150700600514 0.11314021830394626 0.027738061195310266 0.0382031905961377
2 0.6894480983700314 0.4007136859781696 0.02287675150128682 0.030646515533165407
2 0.7509293680297398 0.40113350125944586 0.02459250786388333 0.02980688497061293