0 0.172266 0.297917 0.017969 0.031944
0 0.151953 0.395833 0.028906 0.025000
0 0.121484 0.466667 0.032031 0.022222
0 0.216406 0.413194 0.026563 0.026389
0 0.247266 0.318750 0.024219 0.026389
0 0.234766 0.525694 0.021094 0.026389
0 0.157422 0.559722 0.016406 0.027778
0 0.245703 0.619444 0.032031 0.019444
0 0.307422 0.611806 0.022656 0.026389
0 0.316406 0.384722 0.028125 0.030556
0 0.356641 0.255556 0.021094 0.030556
0 0.392188 0.335417 0.017188 0.040278
0 0.360938 0.412500 0.017188 0.030556
0 0.385938 0.534028 0.017188 0.023611
0 0.381250 0.604167 0.017188 0.025000
0 0.320703 0.701389 0.019531 0.022222
0 0.441797 0.422222 0.016406 0.036111
0 0.432813 0.264583 0.026563 0.031944
0 0.489062 0.162500 0.023438 0.038889
0 0.498437 0.253472 0.021875 0.031944
0 0.482812 0.344444 0.015625 0.027778
0 0.467969 0.565972 0.021875 0.031944
0 0.480469 0.749306 0.028125 0.020833
0 0.528906 0.484722 0.017188 0.030556
0 0.534766 0.357639 0.021094 0.029167
0 0.606250 0.290972 0.018750 0.031944
0 0.591406 0.388889 0.017188 0.030556
0 0.627344 0.195833 0.020312 0.027778
0 0.721875 0.175694 0.018750 0.045833
0 0.646094 0.341667 0.026563 0.025000
0 0.739453 0.304167 0.022656 0.038889
0 0.751953 0.460417 0.025781 0.031944
0 0.632422 0.476389 0.019531 0.022222
0 0.660156 0.542361 0.015625 0.034722
0 0.603516 0.682639 0.016406 0.026389
0 0.664063 0.684028 0.018750 0.029167
0 0.734766 0.635417 0.022656 0.026389
0 0.708984 0.736111 0.019531 0.027778
