0 0.226953 0.327778 0.014844 0.022222
0 0.387500 0.212500 0.020312 0.025000
0 0.292969 0.360417 0.014062 0.023611
0 0.221094 0.433333 0.020312 0.033333
0 0.239453 0.545139 0.025781 0.023611
0 0.329688 0.520833 0.020312 0.022222
0 0.351172 0.584028 0.014844 0.031944
0 0.311719 0.635417 0.018750 0.031944
0 0.400781 0.463889 0.018750 0.025000
0 0.445313 0.394444 0.010937 0.030556
0 0.428516 0.284722 0.017969 0.041667
0 0.491797 0.305556 0.016406 0.030556
0 0.526953 0.365278 0.013281 0.030556
0 0.443750 0.471528 0.017188 0.023611
0 0.436719 0.544444 0.018750 0.030556
0 0.414453 0.681250 0.014844 0.023611
0 0.491016 0.580556 0.017969 0.025000
0 0.558984 0.404861 0.019531 0.029167
0 0.602344 0.343056 0.020312 0.025000
0 0.603906 0.280556 0.020312 0.025000
0 0.521484 0.445139 0.019531 0.029167
0 0.558594 0.620139 0.023438 0.031944
0 0.512891 0.725694 0.017969 0.031944
0 0.665625 0.304861 0.012500 0.029167
0 0.692578 0.250000 0.017969 0.025000
0 0.740625 0.299306 0.015625 0.031944
0 0.774609 0.243056 0.016406 0.030556
0 0.811328 0.328472 0.025781 0.023611
0 0.742969 0.365278 0.020312 0.030556
0 0.705469 0.421528 0.026563 0.031944
0 0.759375 0.454167 0.014062 0.030556
0 0.814062 0.523611 0.023438 0.030556
0 0.696094 0.515972 0.023438 0.034722
0 0.646484 0.456250 0.016406 0.034722
0 0.649609 0.588194 0.011719 0.026389
0 0.670703 0.695139 0.021094 0.031944
0 0.755859 0.639583 0.014844 0.020833
0 0.788672 0.749306 0.025781 0.037500
