0 0.292969 0.440278 0.012500 0.036111
0 0.339844 0.418750 0.014062 0.023611
0 0.403125 0.363194 0.012500 0.020833
0 0.456641 0.384028 0.017969 0.029167
0 0.421484 0.413889 0.016406 0.033333
0 0.399219 0.504167 0.015625 0.027778
0 0.295703 0.491667 0.014844 0.027778
0 0.300781 0.602778 0.021875 0.025000
0 0.329297 0.671528 0.017969 0.023611
0 0.395703 0.612500 0.019531 0.027778
0 0.398438 0.663889 0.017188 0.025000
0 0.401563 0.547222 0.017188 0.019444
0 0.430859 0.554861 0.014844 0.029167
0 0.459766 0.477083 0.013281 0.031944
0 0.503516 0.439583 0.014844 0.029167
0 0.489844 0.408333 0.015625 0.033333
0 0.516406 0.368750 0.012500 0.026389
0 0.543750 0.415278 0.015625 0.030556
0 0.527734 0.483333 0.016406 0.027778
0 0.521875 0.559722 0.015625 0.036111
0 0.524609 0.675694 0.016406 0.031944
0 0.567969 0.648611 0.014062 0.036111
0 0.613672 0.745139 0.016406 0.031944
0 0.630469 0.595833 0.015625 0.033333
0 0.585547 0.441667 0.014844 0.025000
0 0.608594 0.394444 0.014062 0.027778
0 0.664063 0.325000 0.012500 0.030556
0 0.694141 0.377083 0.011719 0.037500
0 0.712500 0.415972 0.015625 0.029167
0 0.751953 0.388889 0.010156 0.036111
0 0.740625 0.466667 0.012500 0.033333
0 0.693750 0.445833 0.015625 0.025000
0 0.650391 0.431250 0.013281 0.040278
0 0.684766 0.486111 0.024219 0.041667
0 0.656641 0.497222 0.014844 0.033333
0 0.697266 0.567361 0.022656 0.029167
0 0.784766 0.588889 0.024219 0.041667
0 0.810156 0.718056 0.025000 0.027778
0 0.747656 0.678472 0.018750 0.037500
