0 0.180078 0.268056 0.019531 0.033333
0 0.152344 0.391667 0.029687 0.025000
0 0.110547 0.468750 0.032031 0.023611
0 0.241016 0.417361 0.028906 0.029167
0 0.278125 0.315278 0.026563 0.030556
0 0.161328 0.586806 0.019531 0.026389
0 0.269922 0.552778 0.022656 0.033333
0 0.284766 0.661111 0.025781 0.025000
0 0.361719 0.651389 0.021875 0.041667
0 0.369531 0.400000 0.028125 0.022222
0 0.414453 0.257639 0.021094 0.031944
0 0.421875 0.434028 0.017188 0.037500
0 0.462891 0.360417 0.017969 0.034722
0 0.453906 0.575000 0.018750 0.030556
0 0.449219 0.650000 0.021875 0.030556
0 0.376563 0.752083 0.014062 0.020833
0 0.516016 0.461806 0.019531 0.029167
0 0.508594 0.279167 0.023438 0.036111
0 0.573438 0.184028 0.021875 0.029167
0 0.580859 0.285417 0.019531 0.029167
0 0.564844 0.381944 0.020312 0.033333
0 0.545313 0.618750 0.018750 0.045833
0 0.608984 0.536111 0.025781 0.030556
0 0.558203 0.809028 0.017969 0.031944
0 0.617578 0.404861 0.022656 0.029167
0 0.676953 0.435417 0.022656 0.023611
0 0.693750 0.338194 0.028125 0.023611
0 0.717969 0.245139 0.023438 0.029167
0 0.805078 0.245139 0.027344 0.037500
0 0.732813 0.396528 0.018750 0.031944
0 0.819141 0.372222 0.030469 0.025000
0 0.828516 0.529167 0.032031 0.038889
0 0.716406 0.535417 0.029687 0.026389
0 0.744141 0.602083 0.028906 0.031944
0 0.687891 0.743056 0.025781 0.030556
0 0.746875 0.738194 0.026563 0.023611
0 0.807422 0.693750 0.021094 0.029167
0 0.787500 0.793056 0.034375 0.041667
