2 0.05819273663139834 0.1439966414777498 0.041464112096082355 0.05037783375314862
2 0.14312267657992564 0.2586062132661629 0.0328853302830998 0.054575986565911
2 0.14755504718329998 0.3524349286314022 0.025164426651415498 0.07010915197313182
2 0.29110666285387476 0.2502099076406381 0.021732913926222477 0.07136859781696053
2 0.3442951100943666 0.10978169605373636 0.04861309694023449 0.031486146095717885
2 0.24749785530454677 0.5577246011754828 0.040892193308550186 0.0600335852225021
2 0.4758364312267658 0.6175482787573467 0.021732913926222477 0.06633081444164568
2 0.5942236202459251 0.7443324937027708 0.025164426651415498 0.0688497061293031
2 0.4175007148984844 0.33669185558354325 0.03431512725193023 0.056255247691015954
2 0.4962825278810409 0.35978169605373633 0.04718329997140406 0.026028547439126783
2 0.5195882184729769 0.43282955499580184 0.0348870460394624 0.05373635600335852
2 0.593937660852159 0.25461796809403864 0.04518158421504146 0.035684298908480266
2 0.6900200171575637 0.3866498740554156 0.05204460966542751 0.02518891687657431
2 0.741492708035459 0.5436607892527288 0.046325421790105806 0.03190596137699412
2 0.781812982556477 0.43933669185558355 0.028595939376608523 0.06591099916036944
2 0.704603946239634 0.2315281276238455 0.046897340577637975 0.025608732157850547
2 0.808836145267372 0.28001679261125106 0.03002573634543895 0.06381192275398824
2 0.8375750643408636 0.3429890848026868 0.02745210180154418 0.07136859781696053
2 0.8211323991993137 0.7441225860621327 0.0328853302830998 0.07010915197313182
1 0.14626822991135258 0.14651553316540722 0.03231341149556763 0.038623005877413935
1 0.2580783528738919 0.3054156171284635 0.036888761795824995 0.020570948782535684
1 0.18873319988561624 0.32808564231738035 0.023448670288818987 0.041561712846347604
1 0.15656276808693165 0.473551637279597 0.03402916785816414 0.020990764063811923
1 0.23377180440377465 0.5973971452560873 0.03517300543322848 0.02434928631402183
1 0.32942522161853016 0.7197732997481109 0.02459250786388333 0.03316540722082284
1 0.24878467257649414 0.7243912678421495 0.02459250786388333 0.039882451721242655
1 0.2556476980268802 0.8106633081444165 0.02630826422647984 0.03946263643996641
1 0.5461824420932228 0.792191435768262 0.02459250786388333 0.04617968094038623
1 0.5383185587646554 0.8906381192275399 0.031169573920503287 0.031486146095717885
1 0.6521303974835574 0.8551637279596978 0.028309979982842435 0.0327455919395466
1 0.6269659708321418 0.8929471032745592 0.030597655132971118 0.041981528127623846
1 0.6196740062911067 0.5671704450041981 0.03259937088933371 0.02434928631402183
1 0.5770660566199599 0.3001679261125105 0.018873319988561624 0.03946263643996641
1 0.7635115813554475 0.12510495382031905 0.03374320846439806 0.026028547439126783
1 0.7555047183299971 0.1996221662468514 0.019445238776093794 0.04575986565910999
1 0.8271375464684015 0.13790931989924432 0.03517300543322848 0.02392947103274559
1 0.7931083786102373 0.7491603694374476 0.026594223620245924 0.025608732157850547
1 0.9426651415498999 0.8595717884130982 0.031169573920503287 0.035684298908480266
1 0.8611667143265657 0.8910579345088161 0.02201887331998856 0.041561712846347604
0 0.2100371747211896 0.2598656591099916 0.01973119816985988 0.027707808564231738
0 0.2321990277380612 0.38706968933669184 0.018873319988561624 0.028547439126784216
0 0.18272805261652844 0.5321158690176322 0.022304832713754646 0.025608732157850547
0 0.2579353731770089 0.644416456759026 0.017157563625965114 0.02518891687657431
0 0.345581927366314 0.6633081444164568 0.021446954532456392 0.02518891687657431
0 0.4247926794395196 0.47691015952980687 0.0174435230197312 0.02434928631402183
0 0.5181584215041464 0.5848026868178001 0.017157563625965114 0.02434928631402183
0 0.5424649699742636 0.5925692695214105 0.018873319988561624 0.02644836272040302
0 0.5674864169287961 0.6815701091519731 0.018015441807263367 0.025608732157850547
0 0.6098084072061767 0.713056255247691 0.016299685444666857 0.028127623845507977
0 0.537031741492708 0.7510495382031906 0.020589076351158135 0.02518891687657431
0 0.4283671718615957 0.21116708648194793 0.017157563625965114 0.02434928631402183
0 0.5041464112096082 0.21095717884130982 0.019445238776093794 0.02644836272040302
0 0.49656848727480696 0.3243073047858942 0.014012010294538175 0.02392947103274559
0 0.5240205890763512 0.3234676742233417 0.01915927938232771 0.0272879932829555
0 0.5814984272233343 0.3694374475230898 0.0174435230197312 0.026028547439126783
0 0.7083214183585931 0.28085642317380355 0.017729482413497283 0.02518891687657431
0 0.9144981412639405 0.13790931989924432 0.023448670288818987 0.02644836272040302
0 0.8913354303688876 0.8998740554156172 0.020017157563625966 0.02980688497061293
0 0.9196454103517301 0.7019311502938707 0.017157563625965114 0.027707808564231738