0 0.309375 0.178472 0.026563 0.034722
0 0.337500 0.201389 0.017188 0.030556
0 0.372266 0.232639 0.021094 0.029167
0 0.450781 0.193750 0.012500 0.026389
0 0.307422 0.252083 0.019531 0.026389
0 0.290234 0.229861 0.014844 0.031944
0 0.267969 0.245833 0.018750 0.033333
0 0.228906 0.357639 0.021875 0.045833
0 0.284766 0.399306 0.024219 0.031944
0 0.242578 0.424306 0.017969 0.026389
0 0.277734 0.434028 0.019531 0.034722
0 0.240234 0.490972 0.014844 0.029167
0 0.335547 0.315972 0.022656 0.037500
0 0.437500 0.307639 0.017188 0.034722
0 0.482031 0.257639 0.014062 0.034722
0 0.600391 0.338194 0.022656 0.037500
0 0.553125 0.275694 0.014062 0.029167
0 0.501172 0.364583 0.016406 0.031944
0 0.571875 0.370139 0.015625 0.026389
0 0.530078 0.518056 0.017969 0.036111
0 0.424219 0.499306 0.025000 0.029167
0 0.395312 0.447222 0.021875 0.033333
0 0.414063 0.381250 0.020312 0.043056
0 0.342187 0.473611 0.023438 0.033333
0 0.342187 0.536111 0.014062 0.030556
0 0.326953 0.571528 0.022656 0.037500
0 0.458984 0.679167 0.022656 0.033333
0 0.462891 0.722917 0.022656 0.031944
0 0.498828 0.646528 0.017969 0.040278
0 0.587500 0.602083 0.017188 0.034722
0 0.597656 0.698611 0.017188 0.038889
0 0.532812 0.714583 0.015625 0.029167
0 0.553516 0.784722 0.017969 0.036111
0 0.630469 0.451389 0.014062 0.033333
0 0.683203 0.479861 0.013281 0.045833
0 0.714453 0.365278 0.022656 0.050000
0 0.761719 0.483333 0.017188 0.030556
0 0.792578 0.439583 0.022656 0.054167
