0 0.06748641692879612 0.15596137699412257 0.020017157563625966 0.031486146095717885
0 0.17643694595367457 0.14903442485306465 0.018301401201029455 0.02938706968933669
0 0.20317414927080354 0.15491183879093198 0.0174435230197312 0.03190596137699412
0 0.2723763225621962 0.2227120067170445 0.01858736059479554 0.028967254408060455
0 0.2888189877037461 0.2653232577665827 0.017729482413497283 0.028547439126784216
0 0.16857306262510724 0.34109991603694373 0.01915927938232771 0.02476910159529807
0 0.14040606233914785 0.3918975650713686 0.020017157563625966 0.02476910159529807
0 0.20732056048041178 0.40575146935348444 0.018873319988561624 0.025608732157850547
0 0.2311981698598799 0.39462636439966414 0.01915927938232771 0.02686817800167926
0 0.15727766657134687 0.45864819479429053 0.018873319988561624 0.025608732157850547
0 0.1791535601944524 0.5025188916876574 0.01973119816985988 0.02434928631402183
0 0.24435230197311983 0.5736775818639799 0.01858736059479554 0.02392947103274559
0 0.22562196168144125 0.5978169605373636 0.018873319988561624 0.022670025188916875
0 0.20417500714898484 0.6452560873215785 0.020017157563625966 0.022670025188916875
0 0.22748069774092078 0.6788413098236776 0.01858736059479554 0.023509655751469353
0 0.24749785530454677 0.7057094878253568 0.016299685444666857 0.022670025188916875
0 0.268372891049471 0.7227120067170445 0.01915927938232771 0.025608732157850547
0 0.35215899342293394 0.6687657430730478 0.0174435230197312 0.023509655751469353
0 0.278524449528167 0.790512174643157 0.018873319988561624 0.022670025188916875
0 0.25621961681441235 0.8077246011754828 0.018301401201029455 0.023509655751469353
0 0.49985702030311696 0.350335852225021 0.017729482413497283 0.02980688497061293
0 0.5035744924220761 0.43073047858942065 0.015441807263368601 0.02938706968933669
0 0.44109236488418646 0.45717884130982367 0.014583929082070346 0.02686817800167926
0 0.41092364884186444 0.482367758186398 0.01658564483843294 0.02518891687657431
0 0.5956534172147555 0.3589420654911839 0.017157563625965114 0.028547439126784216
0 0.5764941378324278 0.6788413098236776 0.017729482413497283 0.022670025188916875
0 0.5922219044895625 0.7300587741393787 0.017157563625965114 0.02434928631402183
0 0.5341721475550472 0.7565071368597817 0.015441807263368601 0.02434928631402183
0 0.5446096654275093 0.8723761544920235 0.01687160423219903 0.023509655751469353
0 0.6382613668859022 0.6175482787573467 0.018873319988561624 0.02686817800167926
0 0.6095224478124106 0.5312762384550798 0.01858736059479554 0.02392947103274559
0 0.6824420932227624 0.4074307304785894 0.01973119816985988 0.028127623845507977
0 0.7404918501572777 0.39399664147774976 0.01858736059479554 0.02980688497061293
0 0.7728052616528452 0.4321998320738875 0.02030311695739205 0.02980688497061293
0 0.7164712610809265 0.30100755667506296 0.01915927938232771 0.030226700251889168
0 0.8258507291964541 0.12615449202350965 0.021160995138690308 0.03316540722082284
0 0.8967686588504432 0.1704450041981528 0.021732913926222477 0.030226700251889168
0 0.9346582785244495 0.36397984886649876 0.02259079210752073 0.028547439126784216
0 0.8178438661710037 0.5797649034424853 0.021732913926222477 0.027707808564231738
1 0.34257935373177006 0.0787153652392947 0.016013726050900772 0.02980688497061293
1 0.20946525593365742 0.25482787573467675 0.02030311695739205 0.03190596137699412
1 0.49456677151844436 0.20906801007556675 0.0174435230197312 0.03190596137699412
1 0.4583929082070346 0.4063811922753988 0.016013726050900772 0.027707808564231738
1 0.43022590792107523 0.4882451721242653 0.016299685444666857 0.02686817800167926
1 0.4619674006291107 0.6607892527287993 0.01687160423219903 0.02686817800167926
1 0.8048327137546468 0.4659949622166247 0.02201887331998856 0.031066330814441646
1 0.8199885616242494 0.2594458438287154 0.02087503574492422 0.028547439126784216
1 0.758221332570775 0.18828715365239296 0.021446954532456392 0.031486146095717885
1 0.7542179010580498 0.5262384550797649 0.01973119816985988 0.025608732157850547
1 0.7337718044037747 0.5556255247691015 0.019445238776093794 0.023089840470193114
1 0.9257935373177009 0.7187237615449202 0.026022304832713755 0.02686817800167926
1 0.8597369173577352 0.8778337531486146 0.02201887331998856 0.02434928631402183
2 0.3515870746354018 0.10873215785054575 0.018015441807263367 0.033585222502099076
2 0.13482985416070917 0.2445424013434089 0.02201887331998856 0.03316540722082284
2 0.25950814984272236 0.6517632241813602 0.02030311695739205 0.02644836272040302
2 0.28939090649127824 0.6591099916036943 0.021160995138690308 0.02686817800167926
2 0.31026594223620246 0.6826196473551638 0.018873319988561624 0.02518891687657431
2 0.4215041464112096 0.2019311502938707 0.017729482413497283 0.03610411418975651
2 0.4110666285387475 0.33858102434928633 0.0174435230197312 0.030646515533165407
2 0.4828424363740349 0.6129303106633082 0.01687160423219903 0.026028547439126783
2 0.5371747211895911 0.589840470193115 0.0174435230197312 0.02518891687657431
2 0.5115813554475265 0.6565910999160369 0.016013726050900772 0.026028547439126783
2 0.6418358593079783 0.9000839630562553 0.02030311695739205 0.027707808564231738
2 0.8397197597941093 0.4462636439966415 0.025450386045181583 0.030226700251889168
2 0.8274235058621676 0.3790931989924433 0.023162710895052903 0.0327455919395466
2 0.8148412925364599 0.7460117548278757 0.02259079210752073 0.02686817800167926