0 0.14147 0.239251 0.0485437 0.0520111
0 0.405687 0.228155 0.0443828 0.0485437
0 0.47018 0.237864 0.0423024 0.0527046
0 0.638003 0.349515 0.0450763 0.0478502
0 0.678225 0.42025 0.0423024 0.0471567
0 0.386269 0.545076 0.0464632 0.0409154
0 0.317614 0.628987 0.0485437 0.0409154
0 0.480583 0.651872 0.0457698 0.0423024
0 0.538141 0.633842 0.0464632 0.0443828
0 0.359223 0.739251 0.0457698 0.0423024
0 0.411928 0.812067 0.0478502 0.0402219
1 0.808599 0.11165 0.038835 0.0492372
1 0.485437 0.402913 0.0492372 0.0527046
2 0.830097 0.161581 0.0436893 0.0554785
2 0.304438 0.385576 0.0533981 0.054785
